Minutes		Offsets				Round-trip Delay
28179556	-0.7020668983459473		0.014561653137207031
28179557	-0.6997404098510742		0.01948833465576172
28179558	-0.7021257877349854		0.015410900115966797
28179559	-0.7040190696716309		0.012155532836914062
28179560	-0.7033753395080566		0.012737274169921875
28179561	-0.700596809387207		0.021154403686523438
28179562	-0.704216480255127		0.011635780334472656
28179563	-0.7004745006561279		0.019656658172607422
28179564	-0.7005174160003662		0.020105838775634766
28179565	-0.7048184871673584		0.011863231658935547
28179566	-0.7018272876739502		0.020866870880126953
28179567	-0.7036213874816895		0.0151214599609375
28179568	-0.7017168998718262		0.02006244659423828
28179569	-0.705772876739502		0.011478424072265625
28179570	-0.7058417797088623		0.011827945709228516
28179571	-0.7067821025848389		0.028895854949951172
28179586	-0.7097671031951904		0.01139211654663086
28179587	-0.7062621116638184		0.018915176391601562
28179588	-0.7154121398925781		0.05179023742675781
28179590	-0.7065002918243408		0.019543170928955078
28179591	-0.7060556411743164		0.02053356170654297
28179592	-0.7063517570495605		0.02040576934814453
28179593	-0.7114696502685547		0.013438224792480469
28179621	-0.7177309989929199		0.012086868286132812
28179622	-0.7180466651916504		0.01256561279296875
28179623	-0.7144381999969482		0.019829273223876953
28179624	-0.7145552635192871		0.019936561584472656
28179625	-0.7190823554992676		0.011403083801269531
28179626	-0.7193741798400879		0.012042045593261719
28179627	-0.7184274196624756		0.01242208480834961
28179628	-0.7182838916778564		0.012665271759033203
28179629	-0.7148251533508301		0.01971912384033203
28179630	-0.7141282558441162		0.02055501937866211
28179631	-0.714735746383667		0.01965951919555664
28179632	-0.7145614624023438		0.01983928680419922
28179633	-0.7150323390960693		0.019286632537841797
28179634	-0.7147617340087891		0.020189285278320312
28179635	-0.7153568267822266		0.01990985870361328
28179636	-0.712468147277832		0.023909568786621094
28179637	-0.7146530151367188		0.02030467987060547
28179638	-0.7142162322998047		0.020539283752441406
28179639	-0.713510274887085		0.021677494049072266
28179640	-0.7174830436706543		0.012939453125
28179641	-0.715069055557251		0.017560482025146484
28179642	-0.7136471271514893		0.020022869110107422
28179643	-0.7133426666259766		0.019820213317871094
28179644	-0.7174108028411865		0.011538028717041016
28179645	-0.7173144817352295		0.011111736297607422
28179646	-0.7163856029510498		0.01244211196899414
28179647	-0.716475248336792		0.013095378875732422
28179648	-0.7157371044158936		0.012607097625732422
28179649	-0.7118916511535645		0.02009105682373047
28179650	-0.7159559726715088		0.011195659637451172
28179651	-0.7116985321044922		0.01970195770263672
28179652	-0.7159345149993896		0.01091909408569336
28179653	-0.7158327102661133		0.011272430419921875
28179654	-0.7131664752960205		0.018860340118408203
28179655	-0.7130172252655029		0.016852855682373047
28179656	-0.7159280776977539		0.011868476867675781
28179657	-0.7117581367492676		0.019746780395507812
28179658	-0.7119717597961426		0.019461631774902344
28179659	-0.7163090705871582		0.011884689331054688
28179660	-0.7127110958099365		0.018841266632080078
28179661	-0.7166311740875244		0.01345968246459961
28179662	-0.7162706851959229		0.012160778045654297
28179663	-0.7125182151794434		0.019575119018554688
28179664	-0.7125082015991211		0.020017623901367188
28179665	-0.7183623313903809		0.014689445495605469
28179666	-0.7175633907318115		0.013187885284423828
28179667	-0.6969473361968994		0.05441713333129883
28179668	-0.7184112071990967		0.021764278411865234
28179669	-0.7104043960571289		0.02235889434814453
28179670	-0.7172672748565674		0.011533260345458984
28179671	-0.7176594734191895		0.011976242065429688
28179672	-0.7173397541046143		0.011456966400146484
28179673	-0.717052698135376		0.011879444122314453
28179674	-0.7171025276184082		0.011960983276367188
28179675	-0.7171509265899658		0.011919498443603516
28179676	-0.7182998657226562		0.012522697448730469
28179677	-0.7169609069824219		0.012627601623535156
28179678	-0.7138278484344482		0.01941537857055664
28179679	-0.7181923389434814		0.013072490692138672
28179680	-0.7179889678955078		0.011760711669921875
28179681	-0.7137978076934814		0.019806385040283203
28179682	-0.7184934616088867		0.03562450408935547
28179683	-0.7177886962890625		0.011865615844726562
28179684	-0.7144074440002441		0.018918991088867188
28179685	-0.7177121639251709		0.012348651885986328
28179686	-0.7179141044616699		0.0208282470703125
28179687	-0.7158336639404297		0.01659870147705078
28179688	-0.7180361747741699		0.012063980102539062
28179689	-0.7209107875823975		0.0340428352355957
28179690	-0.7183198928833008		0.012590408325195312
28179691	-0.718224287033081		0.012471675872802734
28179692	-0.7180511951446533		0.012397289276123047
28179693	-0.718879222869873		0.011479377746582031
28179694	-0.7146594524383545		0.019564151763916016
28179695	-0.7191085815429688		0.010851860046386719
28179696	-0.7190487384796143		0.013840198516845703
28179697	-0.717613935470581		0.01538991928100586
28179698	-0.7171049118041992		0.015646934509277344
28179699	-0.7213141918182373		0.011782169342041016
28179700	-0.7147629261016846		0.02056741714477539
28179701	-0.7152509689331055		0.01886272430419922
28179702	-0.7162082195281982		0.017024517059326172
28179703	-0.71917724609375		0.010873794555664062
28179704	-0.7137928009033203		0.021269798278808594
28179705	-0.714524507522583		0.020180225372314453
28179706	-0.7149815559387207		0.01947498321533203
28179707	-0.7185962200164795		0.01239919662475586
28179708	-0.7192308902740479		0.010961055755615234
28179709	-0.719083309173584		0.011992454528808594
28179710	-0.715867280960083		0.018122196197509766
28179711	-0.7143423557281494		0.02088785171508789
28179712	-0.7147824764251709		0.020152568817138672
28179713	-0.7145569324493408		0.019741535186767578
28179714	-0.7152345180511475		0.018790721893310547
28179715	-0.7154996395111084		0.017931461334228516
28179716	-0.71510910987854		0.018328189849853516
28179717	-0.7154989242553711		0.021165847778320312
28179718	-0.7146320343017578		0.01944732666015625
28179719	-0.7183935642242432		0.01237344741821289
28179720	-0.7145841121673584		0.019605159759521484
28179721	-0.7130789756774902		0.022238731384277344
28179722	-0.7187943458557129		0.011164665222167969
28179723	-0.7144744396209717		0.019916057586669922
28179724	-0.7147631645202637		0.01970195770263672
28179725	-0.7187619209289551		0.01097869873046875
28179726	-0.71877121925354		0.011669635772705078
28179727	-0.7143795490264893		0.02015542984008789
28179728	-0.7146835327148438		0.01942920684814453
28179729	-0.7171924114227295		0.020413875579833984
28179730	-0.7174861431121826		0.014081478118896484
28179731	-0.715118408203125		0.01896381378173828
28179732	-0.7190415859222412		0.01172018051147461
28179733	-0.7147037982940674		0.02001333236694336
28179734	-0.718482494354248		0.010045051574707031
28179735	-0.7153153419494629		0.019289016723632812
28179736	-0.7189137935638428		0.012262821197509766
28179737	-0.7160046100616455		0.020057201385498047
28179738	-0.7181980609893799		0.013988018035888672
28179739	-0.7169718742370605		0.016768455505371094
28179740	-0.7156462669372559		0.019431114196777344
28179741	-0.7204835414886475		0.013283252716064453
28179742	-0.7200832366943359		0.011422157287597656
28179743	-0.7151541709899902		0.02069854736328125
28179744	-0.7200300693511963		0.013508319854736328
28179745	-0.7149670124053955		0.020922183990478516
28179746	-0.7199826240539551		0.011081695556640625
28179747	-0.7156505584716797		0.01975250244140625
28179748	-0.7157111167907715		0.01993083953857422
28179749	-0.7161045074462891		0.01932811737060547
28179750	-0.7160305976867676		0.019641876220703125
28179751	-0.7163679599761963		0.019202709197998047
28179752	-0.7197747230529785		0.012453079223632812
28179753	-0.716163158416748		0.019910812377929688
28179754	-0.7203097343444824		0.01186370849609375
28179755	-0.6885693073272705		0.07612752914428711
28179756	-0.71647047996521		0.019933223724365234
28179757	-0.7207322120666504		0.011290550231933594
28179758	-0.7161133289337158		0.021099567413330078
28179759	-0.7169187068939209		0.02018117904663086
28179760	-0.7194228172302246		0.014986038208007812
28179761	-0.7175900936126709		0.018068790435791016
28179762	-0.7215113639831543		0.011118888854980469
28179763	-0.7167704105377197		0.021114826202392578
28179764	-0.7220666408538818		0.010556697845458984
28179765	-0.7167613506317139		0.021712779998779297
28179766	-0.7181921005249023		0.020035743713378906
28179767	-0.7219135761260986		0.011174678802490234
28179768	-0.7186033725738525		0.021105289459228516
28179769	-0.7218115329742432		0.012146472930908203
28179770	-0.7216923236846924		0.012438297271728516
28179771	-0.7227339744567871		0.013153076171875
28179772	-0.7221553325653076		0.011627674102783203
28179773	-0.7182028293609619		0.019571781158447266
28179774	-0.7183804512023926		0.020112037658691406
28179775	-0.7185108661651611		0.019680500030517578
28179776	-0.7224667072296143		0.012311458587646484
28179777	-0.719160795211792		0.021868228912353516
28179778	-0.7182769775390625		0.02101898193359375
28179779	-0.7183475494384766		0.021287918090820312
28179780	-0.7230238914489746		0.011965751647949219
28179781	-0.7190423011779785		0.019713401794433594
28179782	-0.7234549522399902		0.012484550476074219
28179783	-0.7234950065612793		0.0116424560546875
28179784	-0.7189512252807617		0.018990516662597656
28179785	-0.719027042388916		0.02053356170654297
28179786	-0.7236266136169434		0.011237144470214844
28179787	-0.7236039638519287		0.025723934173583984
28179788	-0.7190935611724854		0.020854473114013672
28179789	-0.7203080654144287		0.01857614517211914
28179790	-0.723118782043457		0.010120391845703125
28179791	-0.7200653553009033		0.019412517547607422
28179792	-0.7244222164154053		0.024332523345947266
28179793	-0.7200124263763428		0.025710582733154297
28179794	-0.7194697856903076		0.019266605377197266
28179795	-0.7201714515686035		0.019402503967285156
28179796	-0.7196948528289795		0.020969867706298828
28179797	-0.7243483066558838		0.012787342071533203
28179798	-0.7195656299591064		0.021641254425048828
28179799	-0.7204318046569824		0.020153045654296875
28179800	-0.7203686237335205		0.020482540130615234
28179801	-0.7233572006225586		0.014300346374511719
28179802	-0.726055383682251		0.015078067779541016
28179803	-0.7247145175933838		0.012047290802001953
28179804	-0.7212133407592773		0.01876068115234375
28179805	-0.7212362289428711		0.019128799438476562
28179806	-0.7219359874725342		0.01821756362915039
28179807	-0.7208049297332764		0.02089071273803711
28179808	-0.7233333587646484		0.01617431640625
28179809	-0.7212154865264893		0.020565509796142578
28179810	-0.7228162288665771		0.017336368560791016
28179811	-0.7248842716217041		0.01538228988647461
28179812	-0.721644401550293		0.020048141479492188
28179813	-0.7178974151611328		0.027591705322265625
28179814	-0.7222554683685303		0.018749713897705078
28179815	-0.72300124168396		0.024310588836669922
28179816	-0.7221436500549316		0.019537925720214844
28179817	-0.7246506214141846		0.018294811248779297
28179818	-0.722663164138794		0.019237041473388672
28179819	-0.7266073226928711		0.011454582214355469
28179820	-0.7236645221710205		0.020670413970947266
28179821	-0.7220690250396729		0.021130084991455078
28179822	-0.722383975982666		0.02068328857421875
28179823	-0.7258007526397705		0.014447689056396484
28179824	-0.7231295108795166		0.019463062286376953
28179825	-0.7234680652618408		0.022484302520751953
28179826	-0.7225635051727295		0.019516468048095703
28179827	-0.723107099533081		0.020347118377685547
28179828	-0.7247254848480225		0.017413616180419922
28179829	-0.7293341159820557		0.020627498626708984
28179830	-0.7240025997161865		0.022129535675048828
28179831	-0.724053144454956		0.019734859466552734
28179832	-0.724644660949707		0.02169322967529297
28179833	-0.7241427898406982		0.020960330963134766
28179834	-0.728074312210083		0.012981891632080078
28179835	-0.7242298126220703		0.02092742919921875
28179836	-0.7252757549285889		0.01938772201538086
28179837	-0.725604772567749		0.018906116485595703
28179838	-0.7255194187164307		0.019574642181396484
28179839	-0.7259972095489502		0.019076824188232422
28179840	-0.726599931716919		0.018277645111083984
28179841	-0.7259128093719482		0.02016592025756836
28179842	-0.7256512641906738		0.02120494842529297
28179843	-0.7265892028808594		0.019196510314941406
28179844	-0.7270002365112305		0.02065753936767578
28179845	-0.7295217514038086		0.014513015747070312
28179846	-0.7275862693786621		0.018987655639648438
28179847	-0.7266950607299805		0.02123260498046875
28179848	-0.7283506393432617		0.017190933227539062
28179849	-0.7293643951416016		0.018838882446289062
28179850	-0.7254862785339355		0.024929046630859375
28179851	-0.7284798622131348		0.01935100555419922
28179852	-0.727863073348999		0.021064281463623047
28179853	-0.7285223007202148		0.020341873168945312
28179854	-0.7290506362915039		0.02010631561279297
28179855	-0.729259729385376		0.019800662994384766
28179856	-0.7315273284912109		0.018718719482421875
28179857	-0.7333531379699707		0.01273345947265625
28179858	-0.7302024364471436		0.019434452056884766
28179859	-0.7347879409790039		0.010607719421386719
28179860	-0.7315096855163574		0.01770782470703125
28179861	-0.732666015625		0.019448280334472656
28179862	-0.7315492630004883		0.018708229064941406
28179863	-0.7321300506591797		0.01769733428955078
28179864	-0.7312648296356201		0.020080089569091797
28179865	-0.7321627140045166		0.021173954010009766
28179866	-0.731806755065918		0.019811630249023438
28179867	-0.7322397232055664		0.01949596405029297
28179868	-0.7340729236602783		0.01709890365600586
28179869	-0.7320384979248047		0.020898818969726562
28179870	-0.7328472137451172		0.020183563232421875
28179871	-0.7327227592468262		0.020394325256347656
28179872	-0.7330713272094727		0.020769119262695312
28179873	-0.7348082065582275		0.01764535903930664
28179874	-0.7379276752471924		0.01160573959350586
28179875	-0.7347514629364014		0.020743846893310547
28179876	-0.7352986335754395		0.020150184631347656
28179877	-0.7350020408630371		0.021409988403320312
28179878	-0.7348082065582275		0.01969289779663086
28179879	-0.7374992370605469		0.015011787414550781
28179880	-0.735145092010498		0.019074440002441406
28179881	-0.7356019020080566		0.019460678100585938
28179882	-0.7359328269958496		0.0194244384765625
28179883	-0.7357187271118164		0.020175933837890625
28179884	-0.7363791465759277		0.01995563507080078
28179885	-0.7390193939208984		0.01471710205078125
28179886	-0.7406799793243408		0.014015674591064453
28179887	-0.7365274429321289		0.02055644989013672
28179888	-0.7373404502868652		0.019382476806640625
28179889	-0.7388067245483398		0.019742965698242188
28179890	-0.7455604076385498		0.03558778762817383
28179891	-0.7389955520629883		0.017587661743164062
28179892	-0.7383487224578857		0.019114017486572266
28179893	-0.7379882335662842		0.020548343658447266
28179894	-0.7371058464050293		0.022668838500976562
28179895	-0.7384555339813232		0.020400524139404297
28179896	-0.7387597560882568		0.019134998321533203
28179897	-0.7391471862792969		0.019104957580566406
28179898	-0.7418828010559082		0.01571941375732422
28179899	-0.7397971153259277		0.0202484130859375
28179900	-0.7398567199707031		0.02011394500732422
28179901	-0.7411341667175293		0.018039703369140625
28179902	-0.7426598072052002		0.016983509063720703
28179903	-0.7409019470214844		0.019334793090820312
28179904	-0.7406575679779053		0.02043771743774414
28179905	-0.7413198947906494		0.022136211395263672
28179906	-0.7411694526672363		0.020246505737304688
28179907	-0.7414581775665283		0.020069599151611328
28179908	-0.7440187931060791		0.015956401824951172
28179909	-0.7420921325683594		0.019945144653320312
28179910	-0.7466294765472412		0.013847827911376953
28179911	-0.7440533638000488		0.023111343383789062
28179912	-0.7442812919616699		0.019484519958496094
28179913	-0.7465736865997314		0.012708187103271484
28179914	-0.7463400363922119		0.013846874237060547
28179915	-0.7438309192657471		0.019176959991455078
28179916	-0.7440357208251953		0.019577980041503906
28179917	-0.7447528839111328		0.01727771759033203
28179918	-0.7444798946380615		0.01959085464477539
28179919	-0.7454264163970947		0.018201351165771484
28179920	-0.7451350688934326		0.021667003631591797
28179921	-0.7469680309295654		0.016009807586669922
28179922	-0.7450656890869141		0.019387245178222656
28179923	-0.7454631328582764		0.020093441009521484
28179924	-0.745525598526001		0.02034616470336914
28179925	-0.7463679313659668		0.019446372985839844
28179926	-0.7496738433837891		0.02689075469970703
28179927	-0.7461440563201904		0.020668506622314453
28179928	-0.7462446689605713		0.020863056182861328
28179929	-0.746539831161499		0.020670413970947266
28179930	-0.7530195713043213		0.017923831939697266
28179931	-0.7522270679473877		0.013020038604736328
28179932	-0.7481942176818848		0.02097606658935547
28179933	-0.7491075992584229		0.01764822006225586
28179934	-0.748100757598877		0.021181106567382812
28179935	-0.748403787612915		0.019973278045654297
28179936	-0.7534761428833008		0.012037277221679688
28179937	-0.7486600875854492		0.019123077392578125
28179938	-0.7519769668579102		0.014362335205078125
28179939	-0.7495102882385254		0.019552230834960938
28179940	-0.7497091293334961		0.020071983337402344
28179941	-0.7554802894592285		0.015084266662597656
28179942	-0.749809741973877		0.020424842834472656
28179943	-0.75052809715271		0.019536495208740234
28179944	-0.7550702095031738		0.011461257934570312
28179945	-0.7556304931640625		0.02911090850830078
28179946	-0.7514481544494629		0.02166271209716797
28179947	-0.7509908676147461		0.020689010620117188
28179948	-0.7514455318450928		0.020106792449951172
28179949	-0.7511415481567383		0.021253585815429688
28179950	-0.7530741691589355		0.017938613891601562
28179951	-0.7522032260894775		0.020591259002685547
28179952	-0.7527384757995605		0.019255638122558594
28179953	-0.752457857131958		0.020568370819091797
28179954	-0.7529289722442627		0.01878499984741211
28179955	-0.7544300556182861		0.017638683319091797
28179956	-0.7528855800628662		0.021242618560791016
28179957	-0.7533612251281738		0.020842552185058594
28179958	-0.7536215782165527		0.020857810974121094
28179959	-0.7585902214050293		0.011189460754394531
28179960	-0.7562050819396973		0.023977279663085938
28179961	-0.7558009624481201		0.01856088638305664
28179962	-0.7547049522399902		0.021379470825195312
28179963	-0.754741907119751		0.020929813385009766
28179964	-0.7561736106872559		0.02108001708984375
28179965	-0.7570767402648926		0.020631790161132812
28179966	-0.7572085857391357		0.017481327056884766
28179967	-0.7576122283935547		0.017026901245117188
28179968	-0.7568273544311523		0.01913166046142578
28179969	-0.7605900764465332		0.026175498962402344
28179970	-0.7573680877685547		0.019158363342285156
28179971	-0.7579259872436523		0.021120071411132812
28179972	-0.7592015266418457		0.019248008728027344
28179973	-0.7575831413269043		0.020371437072753906
28179974	-0.7581863403320312		0.019367218017578125
28179975	-0.7623178958892822		0.011410236358642578
28179976	-0.7575836181640625		0.019479751586914062
28179977	-0.7628118991851807		0.011675357818603516
28179978	-0.758324384689331		0.021018505096435547
28179979	-0.7641520500183105		0.012480735778808594
28179980	-0.7596650123596191		0.01942729949951172
28179981	-0.7597923278808594		0.019351959228515625
28179982	-0.7636604309082031		0.012475013732910156
28179983	-0.7600405216217041		0.020160198211669922
28179984	-0.7604548931121826		0.02049875259399414
28179985	-0.762824296951294		0.01558542251586914
28179986	-0.7615654468536377		0.017116069793701172
28179987	-0.761559247970581		0.019160747528076172
28179988	-0.7611181735992432		0.021053791046142578
28179989	-0.7615454196929932		0.020040035247802734
28179990	-0.7655613422393799		0.015233516693115234
28179991	-0.7622742652893066		0.019646644592285156
28179992	-0.7621042728424072		0.020610332489013672
28179993	-0.7625558376312256		0.019558429718017578
28179994	-0.7627260684967041		0.019989490509033203
28179995	-0.7643704414367676		0.02123546600341797
28179996	-0.7640383243560791		0.018349170684814453
28179997	-0.7638764381408691		0.019369125366210938
28179998	-0.767707347869873		0.012093544006347656
28179999	-0.7642784118652344		0.01961040496826172
28180000	-0.7655284404754639		0.017502307891845703
28180001	-0.766512393951416		0.016175270080566406
28180002	-0.7681553363800049		0.013173580169677734
28180003	-0.7650187015533447		0.019752979278564453
28180004	-0.7696187496185303		0.013744831085205078
28180005	-0.7656810283660889		0.019744396209716797
28180006	-0.7657735347747803		0.020226001739501953
28180007	-0.7671759128570557		0.017712116241455078
28180008	-0.765681266784668		0.01903247833251953
28180009	-0.7667970657348633		0.019563674926757812
28180010	-0.7667551040649414		0.02003002166748047
28180011	-0.767812967300415		0.020477771759033203
28180012	-0.7674133777618408		0.020497798919677734
28180013	-0.7681288719177246		0.022478103637695312
28180014	-0.7685229778289795		0.021984577178955078
28180015	-0.7692556381225586		0.023538589477539062
28180016	-0.7676529884338379		0.019044876098632812
28180017	-0.7679405212402344		0.01961040496826172
28180018	-0.7685739994049072		0.01898813247680664
28180019	-0.7691037654876709		0.019077777862548828
28180020	-0.7705659866333008		0.019824981689453125
28180021	-0.7696452140808105		0.02023029327392578
28180022	-0.7702953815460205		0.020640850067138672
28180023	-0.7699189186096191		0.020124435424804688
28180024	-0.7706015110015869		0.019156932830810547
28180025	-0.7709887027740479		0.019474506378173828
28180026	-0.7710144519805908		0.019721508026123047
28180027	-0.7724180221557617		0.02004718780517578
28180028	-0.7713732719421387		0.019071578979492188
28180029	-0.7710573673248291		0.020859241485595703
28180030	-0.7720520496368408		0.019374370574951172
28180031	-0.7721033096313477		0.01966571807861328
28180032	-0.772477388381958		0.019076824188232422
28180033	-0.7750754356384277		0.01716899871826172
28180034	-0.773857593536377		0.02085590362548828
28180035	-0.7727093696594238		0.020850181579589844
28180036	-0.7736070156097412		0.019434452056884766
28180037	-0.773392915725708		0.020769596099853516
28180038	-0.775221586227417		0.01952981948852539
28180039	-0.7747163772583008		0.0188446044921875
28180040	-0.7760434150695801		0.018726348876953125
28180041	-0.7748358249664307		0.022129535675048828
28180042	-0.7751586437225342		0.020161151885986328
28180043	-0.7756562232971191		0.020768165588378906
28180044	-0.7765812873840332		0.0216827392578125
28180045	-0.7758622169494629		0.01912975311279297
28180046	-0.7793550491333008		0.013310432434082031
28180047	-0.7760586738586426		0.019952774047851562
28180048	-0.7769286632537842		0.021652698516845703
28180049	-0.7761290073394775		0.02082204818725586
28180050	-0.7801992893218994		0.01317739486694336
28180051	-0.7764537334442139		0.020967960357666016
28180052	-0.779170036315918		0.015477180480957031
28180053	-0.777040958404541		0.02059173583984375
28180054	-0.7810924053192139		0.012980937957763672
28180055	-0.7774035930633545		0.020685672760009766
28180056	-0.7777197360992432		0.020073413848876953
28180057	-0.7825930118560791		0.014370441436767578
28180058	-0.7783606052398682		0.019127368927001953
28180059	-0.7783792018890381		0.02026510238647461
28180060	-0.7799546718597412		0.017422199249267578
28180061	-0.7808487415313721		0.016322612762451172
28180062	-0.7808413505554199		0.018822669982910156
28180063	-0.7815983295440674		0.018407344818115234
28180064	-0.7801797389984131		0.019493579864501953
28180065	-0.7846453189849854		0.010770320892333984
28180066	-0.7799661159515381		0.020816326141357422
28180067	-0.7809159755706787		0.019324779510498047
28180068	-0.7808334827423096		0.019992351531982422
28180069	-0.7823019027709961		0.01675701141357422
28180070	-0.782822847366333		0.01920938491821289
28180071	-0.7826318740844727		0.02009296417236328
28180072	-0.7817378044128418		0.01997089385986328
28180073	-0.7814033031463623		0.019156932830810547
28180074	-0.7820744514465332		0.02006053924560547
28180075	-0.7868156433105469		0.011008262634277344
28180076	-0.7838342189788818		0.018299579620361328
28180077	-0.7828214168548584		0.01934194564819336
28180078	-0.7834913730621338		0.019473552703857422
28180079	-0.7831811904907227		0.020233154296875
28180080	-0.7838971614837646		0.019160747528076172
28180081	-0.7848155498504639		0.01866292953491211
28180082	-0.7861719131469727		0.015474319458007812
28180083	-0.7846250534057617		0.019347190856933594
28180084	-0.785874605178833		0.01991891860961914
28180085	-0.7888734340667725		0.011668682098388672
28180086	-0.7860896587371826		0.017886638641357422
28180087	-0.7850968837738037		0.019985675811767578
28180088	-0.7858612537384033		0.019073963165283203
28180089	-0.7858192920684814		0.01965951919555664
28180090	-0.7896625995635986		0.012085437774658203
28180091	-0.7865872383117676		0.019461631774902344
28180092	-0.7863538265228271		0.020167827606201172
28180093	-0.7865238189697266		0.020206451416015625
28180094	-0.7899999618530273		0.013903617858886719
28180095	-0.7918543815612793		0.010472297668457031
28180096	-0.7885959148406982		0.017763614654541016
28180097	-0.787222146987915		0.020825862884521484
28180098	-0.789069414138794		0.017656803131103516
28180099	-0.789381742477417		0.019780635833740234
28180100	-0.7893550395965576		0.018085002899169922
28180101	-0.7889101505279541		0.019365787506103516
28180102	-0.7886514663696289		0.020538330078125
28180103	-0.7889907360076904		0.020374774932861328
28180104	-0.7891108989715576		0.02054738998413086
28180105	-0.793980598449707		0.011164665222167969
28180106	-0.789618730545044		0.020652294158935547
28180107	-0.7941858768463135		0.011921405792236328
28180108	-0.792151689529419		0.01635885238647461
28180109	-0.7915494441986084		0.02107095718383789
28180110	-0.790910005569458		0.019620418548583984
28180111	-0.7914464473724365		0.019017696380615234
28180112	-0.7912712097167969		0.020212173461914062
28180113	-0.7925310134887695		0.020705223083496094
28180114	-0.7920191287994385		0.019422054290771484
28180115	-0.7923758029937744		0.019693851470947266
28180116	-0.7926454544067383		0.01908588409423828
28180117	-0.7938416004180908		0.019956111907958984
28180118	-0.797644853591919		0.012856006622314453
28180119	-0.7968614101409912		0.012552738189697266
28180120	-0.7928602695465088		0.020963191986083984
28180121	-0.7943935394287109		0.017940521240234375
28180122	-0.7980470657348633		0.012754440307617188
28180123	-0.7938506603240967		0.020429134368896484
28180124	-0.7964146137237549		0.01581716537475586
28180125	-0.7947537899017334		0.019385814666748047
28180126	-0.7990796566009521		0.010860919952392578
28180127	-0.7957801818847656		0.02164745330810547
28180128	-0.7954404354095459		0.019810199737548828
28180129	-0.7967419624328613		0.021554946899414062
28180130	-0.8000671863555908		0.01399374008178711
28180131	-0.7959706783294678		0.020114421844482422
28180132	-0.7959163188934326		0.020807743072509766
28180133	-0.7968316078186035		0.021760940551757812
28180134	-0.7977676391601562		0.022260665893554688
28180135	-0.7972850799560547		0.019586563110351562
28180136	-0.7970404624938965		0.020470619201660156
28180137	-0.7985410690307617		0.017691612243652344
28180138	-0.7988722324371338		0.01724863052368164
28180139	-0.7980988025665283		0.019693851470947266
28180140	-0.8020949363708496		0.01255035400390625
28180141	-0.7956421375274658		0.028286457061767578
28180142	-0.7987377643585205		0.01909494400024414
28180143	-0.8025856018066406		0.012129783630371094
28180144	-0.8032259941101074		0.01203155517578125
28180145	-0.7983641624450684		0.021619796752929688
28180146	-0.7988169193267822		0.020543575286865234
28180147	-0.8034789562225342		0.011925220489501953
28180148	-0.8014495372772217		0.016163349151611328
28180149	-0.8002378940582275		0.019294261932373047
28180150	-0.8003849983215332		0.019170761108398438
28180151	-0.8007972240447998		0.018725872039794922
28180152	-0.802170991897583		0.018834590911865234
28180153	-0.800335168838501		0.019161701202392578
28180154	-0.8033714294433594		0.01564502716064453
28180155	-0.8014962673187256		0.01982736587524414
28180156	-0.8016793727874756		0.019948482513427734
28180157	-0.8029501438140869		0.019488811492919922
28180158	-0.8018782138824463		0.021341800689697266
28180159	-0.8025205135345459		0.020116329193115234
28180160	-0.8058803081512451		0.013036251068115234
28180161	-0.803743839263916		0.018067359924316406
28180162	-0.8067800998687744		0.011319637298583984
28180163	-0.8070628643035889		0.01233053207397461
28180164	-0.8076004981994629		0.011972427368164062
28180165	-0.8078906536102295		0.011222362518310547
28180166	-0.8080322742462158		0.010851383209228516
28180167	-0.808035135269165		0.011093616485595703
28180168	-0.8042793273925781		0.01911163330078125
28180169	-0.7999119758605957		0.029836654663085938
28180170	-0.8066930770874023		0.014492034912109375
28180171	-0.8044068813323975		0.019524097442626953
28180172	-0.8072798252105713		0.014934062957763672
28180173	-0.8044579029083252		0.020248889923095703
28180174	-0.8042581081390381		0.01996755599975586
28180175	-0.8054182529449463		0.018912792205810547
28180176	-0.8084073066711426		0.011147499084472656
28180177	-0.8056447505950928		0.018846988677978516
28180178	-0.8054342269897461		0.019913673400878906
28180179	-0.8049852848052979		0.021082401275634766
28180180	-0.8053321838378906		0.02023029327392578
28180181	-0.805335283279419		0.020571231842041016
28180182	-0.8057351112365723		0.018955230712890625
28180183	-0.8056175708770752		0.02049112319946289
28180184	-0.8065330982208252		0.019095897674560547
28180185	-0.8092994689941406		0.013835906982421875
28180186	-0.8064863681793213		0.020099163055419922
28180187	-0.8061363697052002		0.020899295806884766
28180188	-0.8065106868743896		0.02080678939819336
28180189	-0.8074615001678467		0.02073526382446289
28180190	-0.8068962097167969		0.0197906494140625
28180191	-0.81219482421875		0.009973526000976562
28180192	-0.8072493076324463		0.02006387710571289
28180193	-0.8076767921447754		0.019463539123535156
28180194	-0.8076949119567871		0.01971149444580078
28180195	-0.8117179870605469		0.012104034423828125
28180196	-0.8077073097229004		0.02016162872314453
28180197	-0.8090262413024902		0.018446922302246094
28180198	-0.809579610824585		0.017520427703857422
28180199	-0.8088796138763428		0.017122745513916016
28180200	-0.8093314170837402		0.019025802612304688
28180201	-0.8101980686187744		0.01784658432006836
28180202	-0.8097577095031738		0.019319534301757812
28180203	-0.8105459213256836		0.018001556396484375
28180204	-0.8100161552429199		0.019371986389160156
28180205	-0.8098008632659912		0.020138263702392578
28180206	-0.8140604496002197		0.01207113265991211
28180207	-0.8104565143585205		0.019750118255615234
28180208	-0.8114457130432129		0.02003192901611328
28180209	-0.8151228427886963		0.011350154876708984
28180210	-0.8125948905944824		0.016569137573242188
28180211	-0.8115012645721436		0.01964426040649414
28180212	-0.8119750022888184		0.01887035369873047
28180213	-0.8115096092224121		0.020600318908691406
28180214	-0.8122649192810059		0.01928997039794922
28180215	-0.812812328338623		0.018754005432128906
28180216	-0.8165581226348877		0.011533260345458984
28180217	-0.8132996559143066		0.01837444305419922
28180218	-0.8128530979156494		0.020495891571044922
28180219	-0.8130769729614258		0.020198822021484375
28180220	-0.8175983428955078		0.012569427490234375
28180221	-0.8133962154388428		0.020151615142822266
28180222	-0.8173179626464844		0.01581096649169922
28180223	-0.8180336952209473		0.012731552124023438
28180224	-0.8145380020141602		0.01956653594970703
28180225	-0.8118453025817871		0.025084495544433594
28180226	-0.8146908283233643		0.020423412322998047
28180227	-0.819481372833252		0.011026382446289062
28180228	-0.8220810890197754		0.032828330993652344
28180229	-0.8161780834197998		0.018737316131591797
28180230	-0.8162035942077637		0.019057273864746094
28180231	-0.8202509880065918		0.011140823364257812
28180232	-0.8165361881256104		0.019470691680908203
28180233	-0.816676139831543		0.01954364776611328
28180234	-0.809837818145752		0.03349113464355469
28180235	-0.8173282146453857		0.018818378448486328
28180236	-0.8175754547119141		0.01908588409423828
28180237	-0.8175499439239502		0.019483089447021484
28180238	-0.8219845294952393		0.011188983917236328
28180239	-0.8185062408447266		0.018370628356933594
28180240	-0.8208973407745361		0.014598369598388672
28180241	-0.8193950653076172		0.01764678955078125
28180242	-0.8185291290283203		0.02005290985107422
28180243	-0.8194470405578613		0.018321990966796875
28180244	-0.8188521862030029		0.020916461944580078
28180245	-0.8211410045623779		0.016219615936279297
28180246	-0.8204495906829834		0.017838001251220703
28180247	-0.8198895454406738		0.02132129669189453
28180248	-0.8197236061096191		0.020565032958984375
28180249	-0.8201851844787598		0.019939422607421875
28180250	-0.8205463886260986		0.019836902618408203
28180251	-0.8212740421295166		0.018700122833251953
28180252	-0.8222596645355225		0.01710653305053711
28180253	-0.822648286819458		0.017046451568603516
28180254	-0.8256680965423584		0.01320791244506836
28180255	-0.821404218673706		0.02048635482788086
28180256	-0.8215415477752686		0.021199703216552734
28180257	-0.822289228439331		0.021251201629638672
28180258	-0.8241541385650635		0.01651144027709961
28180259	-0.8226499557495117		0.019883155822753906
28180260	-0.8227872848510742		0.02010345458984375
28180261	-0.822861909866333		0.020960330963134766
28180262	-0.8192024230957031		0.02981281280517578
28180263	-0.8238940238952637		0.019256591796875
28180264	-0.8240573406219482		0.019660472869873047
28180265	-0.825427770614624		0.017330646514892578
28180266	-0.8286573886871338		0.011049747467041016
28180267	-0.8246207237243652		0.020109176635742188
28180268	-0.8250916004180908		0.019298076629638672
28180269	-0.8252265453338623		0.019497394561767578
28180270	-0.8256785869598389		0.01921701431274414
28180271	-0.8262221813201904		0.018427371978759766
28180272	-0.8260908126831055		0.019319534301757812
28180273	-0.825979471206665		0.020090579986572266
28180274	-0.8299920558929443		0.012370586395263672
28180275	-0.8302662372589111		0.01251840591430664
28180276	-0.8308155536651611		0.011719226837158203
28180277	-0.8265993595123291		0.018999576568603516
28180278	-0.8276321887969971		0.019039630889892578
28180279	-0.8274142742156982		0.020548343658447266
28180280	-0.8275060653686523		0.020158767700195312
28180281	-0.8319165706634521		0.011977672576904297
28180282	-0.828554630279541		0.01892566680908203
28180283	-0.8287384510040283		0.019207477569580078
28180284	-0.8330807685852051		0.011373519897460938
28180285	-0.8325426578521729		0.011012554168701172
28180286	-0.8335099220275879		0.010973930358886719
28180287	-0.8300735950469971		0.02127218246459961
28180288	-0.8298563957214355		0.019353866577148438
28180289	-0.8310415744781494		0.017626285552978516
28180290	-0.8300678730010986		0.01985311508178711
28180291	-0.830303430557251		0.019787311553955078
28180292	-0.8307929039001465		0.019712448120117188
28180293	-0.8308188915252686		0.01978445053100586
28180294	-0.8317701816558838		0.022266864776611328
28180295	-0.8328602313995361		0.01704549789428711
28180296	-0.8317828178405762		0.01949024200439453
28180297	-0.8327763080596924		0.017993450164794922
28180298	-0.8318731784820557		0.020077228546142578
28180299	-0.8363583087921143		0.011766910552978516
28180300	-0.8369338512420654		0.010906696319580078
28180301	-0.833519697189331		0.018323421478271484
28180302	-0.8349020481109619		0.01639699935913086
28180303	-0.8373315334320068		0.011600017547607422
28180304	-0.8334219455718994		0.019948482513427734
28180305	-0.8380515575408936		0.011440753936767578
28180306	-0.8343620300292969		0.018863677978515625
28180307	-0.8356282711029053		0.017034053802490234
28180308	-0.834723711013794		0.018938541412353516
28180309	-0.8339989185333252		0.021847248077392578
28180310	-0.8370862007141113		0.015737533569335938
28180311	-0.8356192111968994		0.019574642181396484
28180312	-0.8346288204193115		0.019052982330322266
28180313	-0.8398418426513672		0.011615753173828125
28180314	-0.83603835105896		0.020105838775634766
28180315	-0.8404879570007324		0.011719703674316406
28180316	-0.8377463817596436		0.01722574234008789
28180317	-0.8367836475372314		0.021328449249267578
28180318	-0.8363373279571533		0.020976543426513672
28180319	-0.837425947189331		0.01945352554321289
28180320	-0.8411827087402344		0.012223243713378906
28180321	-0.8419115543365479		0.010600566864013672
28180322	-0.837909460067749		0.018943309783935547
28180323	-0.8379926681518555		0.020166397094726562
28180324	-0.8383913040161133		0.01979351043701172
28180325	-0.8401050567626953		0.030318260192871094
28180326	-0.8392212390899658		0.019170284271240234
28180327	-0.8391420841217041		0.019869327545166016
28180328	-0.8423781394958496		0.013611793518066406
28180329	-0.8435399532318115		0.011693477630615234
28180330	-0.8403851985931396		0.01876974105834961
28180331	-0.8441224098205566		0.011805534362792969
28180332	-0.8404383659362793		0.019362449645996094
28180333	-0.8405938148498535		0.01974201202392578
28180334	-0.8405575752258301		0.020349502563476562
28180335	-0.8452029228210449		0.011461257934570312
28180336	-0.8454525470733643		0.02929067611694336
28180337	-0.845365047454834		0.012182235717773438
28180338	-0.8416244983673096		0.020184040069580078
28180339	-0.8429806232452393		0.018089771270751953
28180340	-0.8425400257110596		0.01946115493774414
28180341	-0.8440606594085693		0.01672506332397461
28180342	-0.8430914878845215		0.01904582977294922
28180343	-0.8438353538513184		0.018564224243164062
28180344	-0.8433480262756348		0.019667625427246094
28180345	-0.8438384532928467		0.019237041473388672
28180346	-0.8437230587005615		0.01970052719116211
28180347	-0.8438541889190674		0.020092487335205078
28180348	-0.8441741466522217		0.019953250885009766
28180349	-0.8445703983306885		0.019594669342041016
28180350	-0.8445436954498291		0.020235538482666016
28180351	-0.8453419208526611		0.01911306381225586
28180352	-0.8469953536987305		0.018192291259765625
28180353	-0.8489327430725098		0.012897491455078125
28180354	-0.8447470664978027		0.021904945373535156
28180355	-0.8461723327636719		0.019411087036132812
28180356	-0.8461587429046631		0.019836902618408203
28180357	-0.8461511135101318		0.020115375518798828
28180358	-0.8477084636688232		0.017731189727783203
28180359	-0.8495588302612305		0.014769554138183594
28180360	-0.8472542762756348		0.021271705627441406
28180361	-0.8474240303039551		0.01970958709716797
28180362	-0.8516535758972168		0.012013435363769531
28180363	-0.8480925559997559		0.019644737243652344
28180364	-0.8492958545684814		0.018017292022705078
28180365	-0.8485419750213623		0.01965188980102539
28180366	-0.8533778190612793		0.012094497680664062
28180367	-0.8489830493927002		0.021242618560791016
28180368	-0.8493454456329346		0.01917123794555664
28180369	-0.8494789600372314		0.018986225128173828
28180370	-0.849116325378418		0.02084064483642578
28180371	-0.8497226238250732		0.02028036117553711
28180372	-0.8494429588317871		0.02112102508544922
28180373	-0.8500707149505615		0.020743846893310547
28180374	-0.8514707088470459		0.018145084381103516
28180375	-0.8516762256622314		0.018290996551513672
28180376	-0.8509671688079834		0.020126819610595703
28180377	-0.8524343967437744		0.017949581146240234
28180378	-0.8517789840698242		0.019815444946289062
28180379	-0.8516662120819092		0.02021932601928711
28180380	-0.8526895046234131		0.018936634063720703
28180381	-0.8525810241699219		0.019435882568359375
28180382	-0.853264331817627		0.018335342407226562
28180383	-0.8531835079193115		0.018895626068115234
28180384	-0.8535759449005127		0.019060611724853516
28180385	-0.8530130386352539		0.02040863037109375
28180386	-0.8544526100158691		0.01802539825439453
28180387	-0.8584887981414795		0.012031078338623047
28180388	-0.8543529510498047		0.018871307373046875
28180389	-0.8539566993713379		0.020488739013671875
28180390	-0.8582737445831299		0.01222848892211914
28180391	-0.8546240329742432		0.019839763641357422
28180392	-0.8595507144927979		0.010609149932861328
28180393	-0.8593194484710693		0.011719226837158203
28180394	-0.8567500114440918		0.01726245880126953
28180395	-0.855510950088501		0.02013540267944336
28180396	-0.8575634956359863		0.017974853515625
28180397	-0.8563587665557861		0.01931619644165039
28180398	-0.8566896915435791		0.01997518539428711
28180399	-0.8569982051849365		0.019196033477783203
28180400	-0.8568971157073975		0.019698619842529297
28180401	-0.858659029006958		0.019546985626220703
28180402	-0.860447883605957		0.013502120971679688
28180403	-0.8576450347900391		0.01946735382080078
28180404	-0.8617305755615234		0.012195587158203125
28180405	-0.8622632026672363		0.011286735534667969
28180406	-0.8581600189208984		0.020239830017089844
28180407	-0.8582372665405273		0.020198822021484375
28180408	-0.863365650177002		0.010387420654296875
28180409	-0.8587980270385742		0.019788742065429688
28180410	-0.8613712787628174		0.015347957611083984
28180411	-0.8591427803039551		0.020119667053222656
28180412	-0.860710859298706		0.017418384552001953
28180413	-0.86348557472229		0.012316226959228516
28180414	-0.8600480556488037		0.019412517547607422
28180415	-0.8608832359313965		0.018711090087890625
28180416	-0.8614819049835205		0.018523693084716797
28180417	-0.860482931137085		0.020095348358154297
28180418	-0.860663652420044		0.020041942596435547
28180419	-0.8612525463104248		0.018954753875732422
28180420	-0.8616480827331543		0.019692420959472656
28180421	-0.8616611957550049		0.019711971282958984
28180422	-0.8642809391021729		0.015330791473388672
28180423	-0.8630931377410889		0.017822742462158203
28180424	-0.8642706871032715		0.016908645629882812
28180425	-0.8634078502655029		0.018397808074951172
28180426	-0.8627324104309082		0.019964218139648438
28180427	-0.8628873825073242		0.02003955841064453
28180428	-0.8646328449249268		0.017008304595947266
28180429	-0.8665342330932617		0.013339042663574219
28180430	-0.8640127182006836		0.019376754760742188
28180431	-0.8638594150543213		0.019858837127685547
28180432	-0.8642623424530029		0.019589900970458984
28180433	-0.8653819561004639		0.017535686492919922
28180434	-0.8648967742919922		0.019064903259277344
28180435	-0.8671817779541016		0.015119552612304688
28180436	-0.869591474533081		0.010826587677001953
28180437	-0.8658351898193359		0.01880168914794922
28180438	-0.864987850189209		0.02106952667236328
28180439	-0.8663139343261719		0.018532752990722656
28180440	-0.8700361251831055		0.011921882629394531
28180441	-0.860407829284668		0.03217124938964844
28180442	-0.8659689426422119		0.021024227142333984
28180443	-0.8718388080596924		0.011799335479736328
28180444	-0.8669555187225342		0.020164012908935547
28180445	-0.866889238357544		0.02044534683227539
28180446	-0.8672678470611572		0.020564556121826172
28180447	-0.8688516616821289		0.017876625061035156
28180448	-0.868586540222168		0.018474578857421875
28180449	-0.8681716918945312		0.019815444946289062
28180450	-0.8679964542388916		0.02063894271850586
28180451	-0.8686857223510742		0.01952838897705078
28180452	-0.870032787322998		0.017869949340820312
28180453	-0.8691096305847168		0.01919078826904297
28180454	-0.8689031600952148		0.020631790161132812
28180455	-0.8693859577178955		0.019935131072998047
28180456	-0.8738656044006348		0.011749267578125
28180457	-0.8698537349700928		0.020411968231201172
28180458	-0.8745748996734619		0.01140737533569336
28180459	-0.8711621761322021		0.018447399139404297
28180461	-0.8704631328582764		0.02037191390991211
28180462	-0.8707897663116455		0.020293712615966797
28180463	-0.8717238903045654		0.018854618072509766
28180464	-0.87188720703125		0.019252777099609375
28180465	-0.8742780685424805		0.024773597717285156
28180466	-0.8742842674255371		0.017777442932128906
28180467	-0.8713674545288086		0.025376319885253906
28180468	-0.8754994869232178		0.013203144073486328
28180469	-0.8727717399597168		0.019435882568359375
28180470	-0.8728599548339844		0.019491195678710938
28180471	-0.8741962909698486		0.01735544204711914
28180472	-0.8777792453765869		0.011310100555419922
28180473	-0.8738789558410645		0.02022838592529297
28180474	-0.8782100677490234		0.011026382446289062
28180475	-0.8741199970245361		0.020035266876220703
28180476	-0.8744890689849854		0.020096302032470703
28180477	-0.874931812286377		0.019208908081054688
28180478	-0.8744046688079834		0.019027233123779297
28180479	-0.8755731582641602		0.01887226104736328
28180480	-0.8755810260772705		0.01904916763305664
28180481	-0.8768594264984131		0.016896724700927734
28180482	-0.8752303123474121		0.0208892822265625
28180483	-0.8758997917175293		0.01985931396484375
28180484	-0.8766772747039795		0.019390583038330078
28180485	-0.8803937435150146		0.012004375457763672
28180486	-0.8787715435028076		0.015530109405517578
28180487	-0.858797550201416		0.05646705627441406
28180488	-0.8765602111816406		0.021132469177246094
28180489	-0.8779346942901611		0.018847942352294922
28180490	-0.8777303695678711		0.019121170043945312
28180491	-0.8796284198760986		0.015976428985595703
28180492	-0.8794035911560059		0.01740264892578125
28180493	-0.8780970573425293		0.020206451416015625
28180494	-0.874678373336792		0.027526378631591797
28180495	-0.8793156147003174		0.019297122955322266
28180496	-0.8794028759002686		0.01900625228881836
28180497	-0.8835086822509766		0.011429786682128906
28180498	-0.8805594444274902		0.01829814910888672
28180499	-0.8822574615478516		0.014509201049804688
28180500	-0.8795466423034668		0.02139759063720703
28180501	-0.8843145370483398		0.011434555053710938
28180502	-0.8849654197692871		0.010748863220214844
28180503	-0.8807203769683838		0.019793033599853516
28180504	-0.8808605670928955		0.02010488510131836
28180505	-0.8811590671539307		0.021520137786865234
28180506	-0.8812112808227539		0.02019214630126953
28180507	-0.883002758026123		0.017032623291015625
28180508	-0.8820717334747314		0.019431591033935547
28180509	-0.8796451091766357		0.024940967559814453
28180510	-0.8832144737243652		0.01851367950439453
28180511	-0.8821988105773926		0.020552635192871094
28180512	-0.8831017017364502		0.018894672393798828
28180513	-0.8829379081726074		0.019881248474121094
28180514	-0.8870413303375244		0.012267589569091797
28180515	-0.8832869529724121		0.020257949829101562
28180516	-0.8837463855743408		0.019548892974853516
28180517	-0.8846571445465088		0.020930767059326172
28180518	-0.8844659328460693		0.01855325698852539
28180519	-0.8842508792877197		0.020021915435791016
28180520	-0.8846113681793213		0.019663333892822266
28180521	-0.8850650787353516		0.01919269561767578
28180522	-0.8893580436706543		0.011254310607910156
28180523	-0.8794090747833252		0.03314352035522461
28180524	-0.8852770328521729		0.02017068862915039
28180525	-0.8854572772979736		0.019352436065673828
28180526	-0.8851382732391357		0.02061605453491211
28180527	-0.8858137130737305		0.01960468292236328
28180528	-0.890113115310669		0.011635303497314453
28180529	-0.887366533279419		0.017252445220947266
28180530	-0.8893852233886719		0.014184951782226562
28180531	-0.885991096496582		0.020948410034179688
28180532	-0.8881685733795166		0.01728200912475586
28180533	-0.8876283168792725		0.018416881561279297
28180534	-0.8920862674713135		0.01305532455444336
28180535	-0.8915812969207764		0.010846614837646484
28180536	-0.8880865573883057		0.018618106842041016
28180537	-0.8875408172607422		0.019519805908203125
28180538	-0.888791561126709		0.017362594604492188
28180539	-0.8912384510040283		0.012293338775634766
28180540	-0.8876628875732422		0.020064353942871094
28180541	-0.8878111839294434		0.019910812377929688
28180542	-0.8912906646728516		0.01284027099609375
28180543	-0.8916494846343994		0.012431621551513672
28180544	-0.8924689292907715		0.012037277221679688
28180545	-0.887382984161377		0.02127361297607422
28180546	-0.8887722492218018		0.020433902740478516
28180547	-0.8918061256408691		0.010670661926269531
28180548	-0.8882489204406738		0.019937515258789062
28180549	-0.8882684707641602		0.02010631561279297
28180550	-0.8887794017791748		0.019164562225341797
28180551	-0.8903076648712158		0.01555776596069336
28180552	-0.892711877822876		0.011136531829833984
28180553	-0.8886771202087402		0.019629478454589844
28180554	-0.89298415184021		0.011495113372802734
28180555	-0.8927807807922363		0.011798858642578125
28180556	-0.8879480361938477		0.021513938903808594
28180557	-0.8888554573059082		0.0198516845703125
28180558	-0.8887357711791992		0.021111488342285156
28180559	-0.8930022716522217		0.011339664459228516
28180560	-0.8896009922027588		0.019063472747802734
28180561	-0.8838047981262207		0.05949592590332031
28180562	-0.8918812274932861		0.020496845245361328
28180563	-0.8897740840911865		0.019000530242919922
28180564	-0.893561840057373		0.01285552978515625
28180565	-0.8892669677734375		0.020791053771972656
28180566	-0.8894741535186768		0.019524097442626953
28180567	-0.8892898559570312		0.0196533203125
28180568	-0.8901903629302979		0.021756649017333984
28180569	-0.8914351463317871		0.016183853149414062
28180570	-0.8899211883544922		0.01923656463623047
28180571	-0.8892416954040527		0.020941734313964844
28180572	-0.8891184329986572		0.021074771881103516
28180573	-0.8910815715789795		0.017491817474365234
28180574	-0.8927466869354248		0.024910449981689453
28180575	-0.8883273601531982		0.023409366607666016
28180576	-0.8904271125793457		0.01971149444580078
28180577	-0.8888661861419678		0.022469043731689453
28180578	-0.889977216720581		0.019635677337646484
28180579	-0.8904104232788086		0.0189361572265625
28180580	-0.8915977478027344		0.01709747314453125
28180581	-0.8903131484985352		0.019774436950683594
28180582	-0.8913633823394775		0.017873287200927734
28180583	-0.8904590606689453		0.019329071044921875
28180584	-0.8900611400604248		0.020554065704345703
28180585	-0.8906135559082031		0.019536972045898438
28180586	-0.8949131965637207		0.011536598205566406
28180587	-0.8909058570861816		0.0189971923828125
28180588	-0.8918061256408691		0.018121719360351562
28180589	-0.8910107612609863		0.019628524780273438
28180590	-0.8917155265808105		0.021045684814453125
28180591	-0.8949918746948242		0.011820793151855469
28180592	-0.891200065612793		0.01991558074951172
28180593	-0.8913066387176514		0.019663333892822266
28180594	-0.8913302421569824		0.019479751586914062
28180595	-0.8911280632019043		0.020331382751464844
28180596	-0.8910412788391113		0.02053546905517578
28180597	-0.8917949199676514		0.019231319427490234
28180598	-0.8935699462890625		0.02151775360107422
28180599	-0.8916563987731934		0.022118568420410156
28180600	-0.8916151523590088		0.019628047943115234
28180601	-0.8919930458068848		0.019690513610839844
28180602	-0.8926675319671631		0.018711566925048828
28180603	-0.8917229175567627		0.02121114730834961
28180604	-0.8926374912261963		0.018208026885986328
28180605	-0.8912990093231201		0.020548343658447266
28180606	-0.8943853378295898		0.014524459838867188
28180607	-0.8956234455108643		0.012614727020263672
28180608	-0.8920564651489258		0.019952774047851562
28180609	-0.8921787738800049		0.019739627838134766
28180610	-0.8930783271789551		0.02419281005859375
28180611	-0.893742561340332		0.01632976531982422
28180612	-0.8958635330200195		0.011818885803222656
28180613	-0.8934528827667236		0.01695871353149414
28180614	-0.8914732933044434		0.021383285522460938
28180615	-0.8918001651763916		0.020472049713134766
28180616	-0.8922829627990723		0.019743919372558594
28180617	-0.8919739723205566		0.020218849182128906
28180618	-0.8930845260620117		0.01786327362060547
28180619	-0.8962996006011963		0.011299610137939453
28180620	-0.8941898345947266		0.02198505401611328
28180621	-0.8945355415344238		0.015352249145507812
28180622	-0.8915534019470215		0.021383285522460938
28180623	-0.8925137519836426		0.019661903381347656
28180624	-0.8969192504882812		0.010402679443359375
28180625	-0.893822431564331		0.020281314849853516
28180626	-0.8920702934265137		0.020585060119628906
28180627	-0.8926403522491455		0.01873922348022461
28180628	-0.8958132266998291		0.012984752655029297
28180629	-0.896878719329834		0.011384010314941406
28180630	-0.8926091194152832		0.01733875274658203
28180631	-0.8936882019042969		0.023123741149902344
28180632	-0.8928828239440918		0.020479202270507812
28180633	-0.8930914402008057		0.019287586212158203
28180634	-0.8929455280303955		0.019541263580322266
28180635	-0.8978734016418457		0.013139724731445312
28180636	-0.8947470188140869		0.016065120697021484
28180637	-0.8948729038238525		0.022901058197021484
28180638	-0.897590160369873		0.011346817016601562
28180639	-0.8957302570343018		0.02347421646118164
28180640	-0.897479772567749		0.02485799789428711
28180641	-0.8937063217163086		0.018836021423339844
28180642	-0.8983974456787109		0.014024734497070312
28180643	-0.8939929008483887		0.01831817626953125
28180644	-0.8935554027557373		0.019558429718017578
28180645	-0.8973133563995361		0.011330127716064453
28180646	-0.8977456092834473		0.010840415954589844
28180647	-0.8983108997344971		0.011962413787841797
28180648	-0.8966114521026611		0.014408588409423828
28180649	-0.8904104232788086		0.026732444763183594
28180650	-0.893256425857544		0.02067422866821289
28180651	-0.8961639404296875		0.015402793884277344
28180652	-0.893913984298706		0.019653797149658203
28180653	-0.8937406539916992		0.020239830017089844
28180654	-0.893834114074707		0.019059181213378906
28180655	-0.8940050601959229		0.02081441879272461
28180656	-0.895505428314209		0.017114639282226562
28180657	-0.8942513465881348		0.019812583923339844
28180658	-0.8940596580505371		0.020430564880371094
28180659	-0.895543098449707		0.01796722412109375
28180660	-0.8950140476226807		0.018567562103271484
28180661	-0.8945503234863281		0.019989967346191406
28180662	-0.8937392234802246		0.0212860107421875
28180663	-0.8953516483306885		0.019510746002197266
28180664	-0.8950047492980957		0.01972198486328125
28180665	-0.8993802070617676		0.011243820190429688
28180666	-0.8939344882965088		0.020213603973388672
28180667	-0.8949480056762695		0.02037334442138672
28180668	-0.8953702449798584		0.020256519317626953
28180669	-0.8953080177307129		0.020483016967773438
28180670	-0.8959598541259766		0.01975536346435547
28180671	-0.8962252140045166		0.01964712142944336
28180672	-0.8981835842132568		0.01521921157836914
28180673	-0.8965153694152832		0.01912975311279297
28180674	-0.896348237991333		0.019966602325439453
28180675	-0.8964419364929199		0.020219802856445312
28180676	-0.8978266716003418		0.01784515380859375
28180677	-0.8969674110412598		0.02046680450439453
28180678	-0.9010708332061768		0.012199878692626953
28180679	-0.899216890335083		0.01685953140258789
28180680	-0.898226261138916		0.018868446350097656
28180681	-0.8997282981872559		0.01789569854736328
28180682	-0.8993873596191406		0.016882896423339844
28180683	-0.8994796276092529		0.016635417938232422
28180684	-0.8989155292510986		0.018741130828857422
28180685	-0.8984208106994629		0.02028656005859375
28180686	-0.8979241847991943		0.01909494400024414
28180687	-0.898658037185669		0.019924640655517578
28180688	-0.8984189033508301		0.01920318603515625
28180689	-0.898723840713501		0.021103382110595703
28180690	-0.8995745182037354		0.019716739654541016
28180691	-0.9035520553588867		0.011850357055664062
28180692	-0.899979829788208		0.019192218780517578
28180693	-0.8998827934265137		0.02034282684326172
28180694	-0.9003396034240723		0.01945781707763672
28180695	-0.9009788036346436		0.018724918365478516
28180696	-0.9003078937530518		0.020317554473876953
28180697	-0.9004161357879639		0.020134449005126953
28180698	-0.9010131359100342		0.019173145294189453
28180699	-0.9037773609161377		0.014140605926513672
28180700	-0.9013276100158691		0.02051830291748047
28180701	-0.9025638103485107		0.017337322235107422
28180702	-0.9017000198364258		0.01935577392578125
28180703	-0.902519941329956		0.01808023452758789
28180704	-0.9021029472351074		0.01904773712158203
28180705	-0.9026219844818115		0.018453121185302734
28180706	-0.9059438705444336		0.01218414306640625
28180707	-0.9031422138214111		0.018742084503173828
28180708	-0.9040465354919434		0.01751422882080078
28180709	-0.9029171466827393		0.019779682159423828
28180710	-0.9033818244934082		0.01936054229736328
28180711	-0.906959056854248		0.012054443359375
28180712	-0.9033594131469727		0.019922256469726562
28180713	-0.9043009281158447		0.019520282745361328
28180714	-0.9047346115112305		0.018192291259765625
28180715	-0.9044561386108398		0.01886272430419922
28180716	-0.9086027145385742		0.011212348937988281
28180717	-0.9086337089538574		0.011674880981445312
28180718	-0.9045562744140625		0.020102500915527344
28180719	-0.9043228626251221		0.018973827362060547
28180720	-0.9068868160247803		0.016228199005126953
28180721	-0.9052999019622803		0.01952505111694336
28180722	-0.9052798748016357		0.020655155181884766
28180723	-0.9058060646057129		0.019448280334472656
28180724	-0.9056205749511719		0.020125389099121094
28180725	-0.9054667949676514		0.020710468292236328
28180726	-0.9057626724243164		0.01994037628173828
28180727	-0.9060447216033936		0.01986837387084961
28180728	-0.9060485363006592		0.020052433013916016
28180729	-0.9106833934783936		0.010524272918701172
28180730	-0.9074137210845947		0.017432689666748047
28180731	-0.9065754413604736		0.01902151107788086
28180732	-0.905977725982666		0.02044677734375
28180733	-0.9105467796325684		0.011328697204589844
28180734	-0.9102365970611572		0.012049198150634766
28180735	-0.9066925048828125		0.01901531219482422
28180736	-0.9068729877471924		0.019617557525634766
28180737	-0.9062573909759521		0.020621776580810547
28180738	-0.9107506275177002		0.011881351470947266
28180739	-0.905299186706543		0.023095130920410156
28180740	-0.9067554473876953		0.020546913146972656
28180741	-0.9080514907836914		0.01945781707763672
28180742	-0.9087138175964355		0.017526626586914062
28180743	-0.9073560237884521		0.019810199737548828
28180744	-0.9073097705841064		0.02020406723022461
28180745	-0.9089040756225586		0.017897605895996094
28180746	-0.9084286689758301		0.01998424530029297
28180747	-0.9084780216217041		0.019327640533447266
28180748	-0.9082498550415039		0.01973724365234375
28180749	-0.9086456298828125		0.019132614135742188
28180750	-0.9085304737091064		0.019701480865478516
28180751	-0.9082365036010742		0.02070903778076172
28180752	-0.9102253913879395		0.01725482940673828
28180753	-0.9121789932250977		0.013444900512695312
28180754	-0.9107413291931152		0.016587257385253906
28180755	-0.9096968173980713		0.017267704010009766
28180756	-0.9107248783111572		0.01748800277709961
28180757	-0.9104516506195068		0.019670963287353516
28180758	-0.9116034507751465		0.023126602172851562
28180759	-0.9104015827178955		0.01937723159790039
28180760	-0.9106049537658691		0.018698692321777344
28180761	-0.9102966785430908		0.020530223846435547
28180762	-0.9115138053894043		0.027875900268554688
28180763	-0.9151284694671631		0.013863086700439453
28180764	-0.9133338928222656		0.025463104248046875
28180765	-0.9109456539154053		0.020130634307861328
28180766	-0.9111173152923584		0.020006656646728516
28180767	-0.9116053581237793		0.01946735382080078
28180768	-0.9125716686248779		0.01775217056274414
28180769	-0.9127829074859619		0.017806529998779297
28180770	-0.9164142608642578		0.012254714965820312
28180771	-0.9168384075164795		0.011088848114013672
28180772	-0.9128293991088867		0.01948833465576172
28180773	-0.9127237796783447		0.019114971160888672
28180774	-0.9154641628265381		0.017460346221923828
28180775	-0.9160356521606445		0.014162063598632812
28180776	-0.914290189743042		0.018300533294677734
28180777	-0.9143848419189453		0.01787281036376953
28180778	-0.9136092662811279		0.020744800567626953
28180779	-0.9129414558410645		0.022489547729492188
28180780	-0.9150433540344238		0.017915725708007812
28180781	-0.9187076091766357		0.011229991912841797
28180782	-0.9140896797180176		0.021167755126953125
28180783	-0.9181063175201416		0.013514995574951172
28180784	-0.914259672164917		0.021464824676513672
28180785	-0.9148025512695312		0.020742416381835938
28180786	-0.9165594577789307		0.017707347869873047
28180787	-0.9160244464874268		0.01933908462524414
28180788	-0.917560338973999		0.021080493927001953
28180789	-0.9173824787139893		0.017338275909423828
28180790	-0.9164779186248779		0.019521236419677734
28180791	-0.9207818508148193		0.012052059173583984
28180792	-0.9174020290374756		0.018848896026611328
28180793	-0.9195129871368408		0.014594554901123047
28180794	-0.9175019264221191		0.019209861755371094
28180795	-0.9176006317138672		0.019341468811035156
28180796	-0.9189879894256592		0.017391681671142578
28180797	-0.9187674522399902		0.017913818359375
28180798	-0.9184775352478027		0.019318580627441406
28180799	-0.921236515045166		0.0137786865234375
28180800	-0.9224257469177246		0.01198577880859375
28180801	-0.9188194274902344		0.019446372985839844
28180802	-0.9227695465087891		0.012015342712402344
28180803	-0.9185540676116943		0.020863056182861328
28180804	-0.9195010662078857		0.01959085464477539
28180805	-0.9205090999603271		0.018092632293701172
28180806	-0.919731855392456		0.019874095916748047
28180807	-0.9201705455780029		0.019519329071044922
28180808	-0.920398473739624		0.019557476043701172
28180809	-0.920243501663208		0.020680904388427734
28180810	-0.9206764698028564		0.019694805145263672
28180811	-0.9209797382354736		0.01937723159790039
28180812	-0.9221136569976807		0.018093585968017578
28180813	-0.9242033958435059		0.013704299926757812
28180814	-0.9256234169006348		0.013283729553222656
28180815	-0.9228324890136719		0.017769813537597656
28180816	-0.9230799674987793		0.017391204833984375
28180817	-0.9234576225280762		0.01964855194091797
28180818	-0.9225149154663086		0.01913738250732422
28180819	-0.9227771759033203		0.0214691162109375
28180820	-0.922713041305542		0.019823551177978516
28180821	-0.9230468273162842		0.019579410552978516
28180822	-0.9230396747589111		0.019997119903564453
28180823	-0.9230606555938721		0.020401477813720703
28180824	-0.9236757755279541		0.022438526153564453
28180825	-0.9268724918365479		0.01349020004272461
28180826	-0.927802324295044		0.012225627899169922
28180827	-0.9283161163330078		0.011564254760742188
28180828	-0.9281942844390869		0.012087345123291016
28180829	-0.9275338649749756		0.013928890228271484
28180830	-0.9242663383483887		0.02094554901123047
28180831	-0.9255318641662598		0.020824432373046875
28180832	-0.9281697273254395		0.014201164245605469
28180833	-0.925530195236206		0.019701480865478516
28180834	-0.9268443584442139		0.018238544464111328
28180835	-0.9265115261077881		0.019318103790283203
28180836	-0.9273252487182617		0.017493247985839844
28180837	-0.9262514114379883		0.02276134490966797
28180838	-0.9283444881439209		0.018933773040771484
28180839	-0.9272799491882324		0.019397735595703125
28180840	-0.9271256923675537		0.019688129425048828
28180841	-0.9279446601867676		0.018499374389648438
28180842	-0.9239726066589355		0.02726268768310547
28180843	-0.9340057373046875		0.015445709228515625
28180844	-0.9316987991333008		0.012867927551269531
28180845	-0.9277100563049316		0.020854949951171875
28180846	-0.928267240524292		0.019970417022705078
28180847	-0.9322826862335205		0.011208057403564453
28180848	-0.9288115501403809		0.019982337951660156
28180849	-0.9301533699035645		0.01781463623046875
28180850	-0.9304358959197998		0.01724100112915039
28180851	-0.9295110702514648		0.019774436950683594
28180852	-0.9296960830688477		0.019460678100585938
28180853	-0.9298288822174072		0.01917886734008789
28180854	-0.9302716255187988		0.019255638122558594
28180855	-0.9339745044708252		0.011675357818603516
28180856	-0.9304521083831787		0.01948404312133789
28180857	-0.9302575588226318		0.02012491226196289
28180858	-0.9306995868682861		0.019107341766357422
28180859	-0.9306094646453857		0.020386219024658203
28180860	-0.9310989379882812		0.019799232482910156
28180861	-0.9373254776000977		0.014904975891113281
28180862	-0.9312760829925537		0.020365238189697266
28180863	-0.9314155578613281		0.02036762237548828
28180864	-0.9316978454589844		0.020386695861816406
28180865	-0.9362037181854248		0.012084484100341797
28180866	-0.9341588020324707		0.0162200927734375
28180867	-0.9330165386199951		0.021578311920166016
28180868	-0.9330787658691406		0.019731521606445312
28180869	-0.9295618534088135		0.026961803436279297
28180870	-0.9328477382659912		0.019649982452392578
28180871	-0.9336931705474854		0.019340991973876953
28180872	-0.9341304302215576		0.01921701431274414
28180873	-0.9342865943908691		0.019552230834960938
28180874	-0.9356064796447754		0.01787281036376953
28180875	-0.9345855712890625		0.019741058349609375
28180876	-0.9358575344085693		0.018185138702392578
28180877	-0.9393212795257568		0.011295795440673828
28180878	-0.9349372386932373		0.020267009735107422
28180879	-0.9372014999389648		0.016335487365722656
28180880	-0.9353275299072266		0.02074146270751953
28180881	-0.9410955905914307		0.013018131256103516
28180882	-0.9368524551391602		0.018624305725097656
28180883	-0.9374308586120605		0.01799774169921875
28180884	-0.9376645088195801		0.01781940460205078
28180885	-0.9372265338897705		0.021021366119384766
28180886	-0.9370348453521729		0.020596981048583984
28180887	-0.9397780895233154		0.015910625457763672
28180888	-0.9415850639343262		0.010846138000488281
28180889	-0.9412343502044678		0.01311349868774414
28180890	-0.9382650852203369		0.019892215728759766
28180891	-0.9391617774963379		0.018372535705566406
28180892	-0.9379701614379883		0.02130603790283203
28180893	-0.9393167495727539		0.019064903259277344
28180894	-0.9417059421539307		0.014793872833251953
28180895	-0.9398083686828613		0.01954174041748047
28180896	-0.9394426345825195		0.020219802856445312
28180897	-0.9394440650939941		0.020662307739257812
28180898	-0.941063404083252		0.02079296112060547
28180899	-0.9401400089263916		0.020222187042236328
28180900	-0.94498610496521		0.011050701141357422
28180901	-0.9428493976593018		0.015978336334228516
28180902	-0.9461290836334229		0.012052059173583984
28180903	-0.9412481784820557		0.02026224136352539
28180904	-0.9449517726898193		0.013020038604736328
28180905	-0.9417307376861572		0.01996755599975586
28180906	-0.9458217620849609		0.012369155883789062
28180907	-0.9431908130645752		0.019620418548583984
28180908	-0.9466245174407959		0.011494159698486328
28180909	-0.9437286853790283		0.023961544036865234
28180910	-0.9429569244384766		0.019662857055664062
28180911	-0.942864179611206		0.020606517791748047
28180912	-0.9435324668884277		0.019617080688476562
28180913	-0.9452614784240723		0.01887989044189453
28180914	-0.9477689266204834		0.011929035186767578
28180915	-0.9478559494018555		0.012354850769042969
28180916	-0.947573184967041		0.013261795043945312
28180917	-0.9487864971160889		0.011577129364013672
28180918	-0.9447088241577148		0.02711963653564453
28180919	-0.9470202922821045		0.032076358795166016
28180920	-0.9492976665496826		0.012141704559326172
28180921	-0.9481959342956543		0.02110576629638672
28180922	-0.9457926750183105		0.019985198974609375
28180923	-0.9466359615325928		0.021500110626220703
28180924	-0.9474260807037354		0.01833486557006836
28180925	-0.9464623928070068		0.020283222198486328
28180926	-0.9467110633850098		0.02038288116455078
28180927	-0.9477574825286865		0.021167278289794922
28180928	-0.9472405910491943		0.020021915435791016
28180929	-0.9517230987548828		0.011928558349609375
28180930	-0.9521961212158203		0.010939598083496094
28180931	-0.947908878326416		0.0364227294921875
28180932	-0.9498233795166016		0.022979736328125
28180933	-0.9498159885406494		0.017771244049072266
28180934	-0.9526810646057129		0.012202262878417969
28180935	-0.9497566223144531		0.01938343048095703
28180936	-0.9530260562896729		0.01250314712524414
28180937	-0.943709135055542		0.03164339065551758
28180938	-0.9499657154083252		0.019495487213134766
28180939	-0.9499526023864746		0.020185470581054688
28180940	-0.9540197849273682		0.012759685516357422
28180941	-0.9547419548034668		0.011576652526855469
28180942	-0.9550802707672119		0.011604785919189453
28180943	-0.9515509605407715		0.019952774047851562
28180944	-0.9508934020996094		0.020204544067382812
28180945	-0.9557125568389893		0.010897159576416016
28180946	-0.9559190273284912		0.011547565460205078
28180947	-0.9520065784454346		0.019984722137451172
28180948	-0.9558298587799072		0.011710643768310547
28180949	-0.9563825130462646		0.011261463165283203
28180950	-0.9565401077270508		0.011530876159667969
28180951	-0.9537932872772217		0.016970157623291016
28180952	-0.9565174579620361		0.011374950408935547
28180953	-0.9535303115844727		0.01771831512451172
28180954	-0.9573099613189697		0.016509532928466797
28180955	-0.9528887271881104		0.021242618560791016
28180956	-0.9564797878265381		0.01219034194946289
28180957	-0.9536786079406738		0.018323898315429688
28180958	-0.9564790725708008		0.012644767761230469
28180959	-0.9539053440093994		0.018317699432373047
28180960	-0.9565408229827881		0.012344837188720703
28180961	-0.9574158191680908		0.010602474212646484
28180962	-0.9574377536773682		0.011095523834228516
28180963	-0.95841383934021		0.013104915618896484
28180964	-0.9565072059631348		0.013140678405761719
28180965	-0.9486360549926758		0.029294967651367188
28180966	-0.9539775848388672		0.018594741821289062
28180967	-0.9530057907104492		0.02070903778076172
28180968	-0.9569165706634521		0.012256145477294922
28180969	-0.9570407867431641		0.012124061584472656
28180970	-0.9548611640930176		0.01710796356201172
28180971	-0.9573013782501221		0.011769771575927734
28180972	-0.9573085308074951		0.011878490447998047
28180973	-0.9523649215698242		0.021753311157226562
28180974	-0.95770263671875		0.011239051818847656
28180975	-0.9578535556793213		0.011204242706298828
28180976	-0.9578649997711182		0.010790348052978516
28180977	-0.9540657997131348		0.021437644958496094
28180978	-0.9540648460388184		0.02123546600341797
28180979	-0.9531376361846924		0.02004861831665039
28180980	-0.9575278759002686		0.01148080825805664
28180981	-0.9574108123779297		0.011661529541015625
28180982	-0.9546244144439697		0.02071523666381836
28180983	-0.9533889293670654		0.01963663101196289
28180984	-0.9569053649902344		0.012102127075195312
28180985	-0.9536311626434326		0.019252300262451172
28180986	-0.953411340713501		0.020042896270751953
28180987	-0.9534187316894531		0.019481658935546875
28180988	-0.9569108486175537		0.012799739837646484
28180989	-0.9530534744262695		0.02003192901611328
28180990	-0.9535443782806396		0.019368648529052734
28180991	-0.9573380947113037		0.011794567108154297
28180992	-0.9571216106414795		0.013532161712646484
28180993	-0.9559433460235596		0.014487743377685547
28180994	-0.9580698013305664		0.009851455688476562
28180995	-0.9532735347747803		0.019961833953857422
28180996	-0.9533767700195312		0.019853591918945312
28180997	-0.9578981399536133		0.012851715087890625
28180998	-0.9577939510345459		0.01081991195678711
28180999	-0.9566357135772705		0.012056827545166016
28181000	-0.957298755645752		0.014505386352539062
28181001	-0.9536032676696777		0.019098281860351562
28181002	-0.957467794418335		0.011860370635986328
28181003	-0.9550108909606934		0.01638031005859375
28181004	-0.9549355506896973		0.016837120056152344
28181005	-0.9575726985931396		0.01163339614868164
28181006	-0.9549198150634766		0.016750335693359375
28181007	-0.9525673389434814		0.02135610580444336
28181008	-0.9631607532501221		0.025764942169189453
28181009	-0.9570786952972412		0.01266336441040039
28181010	-0.9575552940368652		0.011250495910644531
28181011	-0.9533913135528564		0.019717693328857422
28181012	-0.9576711654663086		0.011341094970703125
28181013	-0.9576373100280762		0.011190414428710938
28181014	-0.9576330184936523		0.01155853271484375
28181015	-0.9546773433685303		0.017272472381591797
28181016	-0.9579570293426514		0.011583805084228516
28181017	-0.9584894180297852		0.013517379760742188
28181018	-0.9576325416564941		0.011667251586914062
28181019	-0.9545354843139648		0.01802349090576172
28181020	-0.9579598903656006		0.011589527130126953
28181021	-0.9537949562072754		0.01951122283935547
28181022	-0.9588730335235596		0.013419628143310547
28181023	-0.9576160907745361		0.012072086334228516
28181024	-0.9583477973937988		0.010611534118652344
28181025	-0.953906774520874		0.01949167251586914
28181026	-0.9578948020935059		0.011565208435058594
28181027	-0.9532673358917236		0.02075338363647461
28181028	-0.9580433368682861		0.012850284576416016
28181029	-0.9558811187744141		0.015653610229492188
28181030	-0.9585385322570801		0.01367950439453125
28181031	-0.9586606025695801		0.013533592224121094
28181032	-0.9539780616760254		0.021312713623046875
28181033	-0.9552693367004395		0.016826629638671875
28181034	-0.9577600955963135		0.012187480926513672
28181035	-0.9584352970123291		0.010756969451904297
28181036	-0.9575760364532471		0.017491817474365234
28181037	-0.95408034324646		0.021530628204345703
28181038	-0.9581799507141113		0.011373519897460938
