Minutes		Offsets				Round-trip Delay
28177881	-0.24239349365234375		0.012049674987792969
28177882	-0.24176359176635742		0.012280464172363281
28177883	-0.24776458740234375		0.026320457458496094
28177884	-0.24210882186889648		0.013392448425292969
28177885	-0.2444908618927002		0.008671283721923828
28177886	-0.2421867847442627		0.013580799102783203
28177887	-0.24214911460876465		0.013961315155029297
28177888	-0.24422430992126465		0.010098934173583984
28177889	-0.24330830574035645		0.012038707733154297
28177890	-0.24462294578552246		0.009928226470947266
28177891	-0.24332189559936523		0.01261138916015625
28177892	-0.24336719512939453		0.012775421142578125
28177893	-0.24326300621032715		0.01299905776977539
28177894	-0.24559760093688965		0.009028911590576172
28177895	-0.24545669555664062		0.009215354919433594
28177896	-0.24617862701416016		0.0081939697265625
28177897	-0.24368047714233398		0.013753890991210938
28177898	-0.245286226272583		0.010981082916259766
28177899	-0.24655413627624512		0.008820056915283203
28177900	-0.24481534957885742		0.012703895568847656
28177901	-0.24556803703308105		0.011863231658935547
28177902	-0.24526143074035645		0.012821674346923828
28177903	-0.245530366897583		0.012660503387451172
28177904	-0.24613690376281738		0.012093067169189453
28177905	-0.24891257286071777		0.006872653961181641
28177906	-0.245927095413208		0.01349496841430664
28177907	-0.24795770645141602		0.010470390319824219
28177908	-0.24668455123901367		0.012799263000488281
28177909	-0.24790239334106445		0.0110321044921875
28177910	-0.2480919361114502		0.011211872100830078
28177911	-0.24754667282104492		0.012770652770996094
28177912	-0.2478494644165039		0.012783050537109375
28177913	-0.24823236465454102		0.012517929077148438
28177914	-0.24807024002075195		0.013311386108398438
28177915	-0.24880766868591309		0.012382984161376953
28177916	-0.249830961227417		0.01071023941040039
28177917	-0.24846577644348145		0.014106273651123047
28177918	-0.24969172477722168		0.012352466583251953
28177919	-0.2518272399902344		0.008469581604003906
28177920	-0.2507920265197754		0.010986328125
28177921	-0.25003933906555176		0.013156414031982422
28177922	-0.254441499710083		0.00837564468383789
28177923	-0.25312209129333496		0.007922649383544922
28177924	-0.2548189163208008		0.004977226257324219
28177925	-0.2507317066192627		0.014017581939697266
28177926	-0.2513113021850586		0.012661933898925781
28177927	-0.2520027160644531		0.013062477111816406
28177928	-0.2545626163482666		0.008359432220458984
28177929	-0.2523810863494873		0.012691974639892578
28177930	-0.2526423931121826		0.012931346893310547
28177931	-0.25588107109069824		0.01794290542602539
28177932	-0.2543461322784424		0.010566234588623047
28177933	-0.25594234466552734		0.007996559143066406
28177934	-0.25470900535583496		0.01088094711303711
28177935	-0.25403594970703125		0.012744903564453125
28177936	-0.25513410568237305		0.011261940002441406
28177937	-0.2546091079711914		0.012988090515136719
28177938	-0.25429606437683105		0.01410818099975586
28177939	-0.2550828456878662		0.012819766998291016
28177940	-0.25661540031433105		0.010375499725341797
28177941	-0.25697803497314453		0.010377883911132812
28177942	-0.2599623203277588		0.004777431488037109
28177943	-0.25745224952697754		0.01046609878540039
28177944	-0.2605626583099365		0.004762172698974609
28177945	-0.2568509578704834		0.012897014617919922
28177946	-0.25881218910217285		0.009494304656982422
28177947	-0.25748109817504883		0.012625694274902344
28177948	-0.25795841217041016		0.012328147888183594
28177949	-0.25786447525024414		0.013031959533691406
28177950	-0.2623476982116699		0.004718780517578125
28177951	-0.2608165740966797		0.008275985717773438
28177952	-0.2600269317626953		0.010145187377929688
28177953	-0.25812411308288574		0.014637470245361328
28177954	-0.2594735622406006		0.01298379898071289
28177955	-0.2596859931945801		0.012690544128417969
28177956	-0.26184940338134766		0.009008407592773438
28177957	-0.2625288963317871		0.008034706115722656
28177958	-0.2619185447692871		0.00983428955078125
28177959	-0.26018857955932617		0.013990402221679688
28177960	-0.2608673572540283		0.012478351593017578
28177961	-0.2607088088989258		0.013998031616210938
28177962	-0.2637665271759033		0.008292675018310547
28177963	-0.26270103454589844		0.011884689331054688
28177964	-0.2641425132751465		0.008854866027832031
28177965	-0.2628133296966553		0.011982440948486328
28177966	-0.2627873420715332		0.012777328491210938
28177967	-0.263333797454834		0.012042999267578125
28177968	-0.26325559616088867		0.012768745422363281
28177969	-0.26354503631591797		0.012724876403808594
28177970	-0.26377296447753906		0.012968063354492188
28177971	-0.2640829086303711		0.012798309326171875
28177972	-0.266110897064209		0.013166427612304688
28177973	-0.26401257514953613		0.013919353485107422
28177974	-0.26481056213378906		0.012797355651855469
28177975	-0.26508092880249023		0.012842178344726562
28177976	-0.26639437675476074		0.01091623306274414
28177977	-0.26767802238464355		0.008791446685791016
28177978	-0.2659759521484375		0.01290130615234375
28177979	-0.2662205696105957		0.012790679931640625
28177980	-0.2665996551513672		0.013268470764160156
28177981	-0.2664778232574463		0.01199483871459961
28177982	-0.26891136169433594		0.009106636047363281
28177983	-0.27050232887268066		0.007001399993896484
28177984	-0.2689516544342041		0.010416507720947266
28177985	-0.2674427032470703		0.014217376708984375
28177986	-0.2683072090148926		0.0128173828125
28177987	-0.26781702041625977		0.014309883117675781
28177988	-0.2693977355957031		0.011652946472167969
28177989	-0.2691047191619873		0.01286172866821289
28177990	-0.2687537670135498		0.01392221450805664
28177991	-0.2702469825744629		0.011744499206542969
28177992	-0.2725951671600342		0.007421970367431641
28177993	-0.27023839950561523		0.01279449462890625
28177994	-0.27048730850219727		0.012953758239746094
28177995	-0.27197980880737305		0.010245323181152344
28177996	-0.27124643325805664		0.012312889099121094
28177997	-0.27219176292419434		0.010985851287841797
28177998	-0.27149438858032227		0.013242721557617188
28177999	-0.2718808650970459		0.01276540756225586
28178000	-0.27384066581726074		0.00963735580444336
28178001	-0.27176904678344727		0.014196395874023438
28178002	-0.27628111839294434		0.009697437286376953
28178003	-0.2735905647277832		0.011768341064453125
28178004	-0.2732870578765869		0.012779712677001953
28178005	-0.27465081214904785		0.01093912124633789
28178006	-0.27388763427734375		0.012808799743652344
28178007	-0.274181604385376		0.01278829574584961
28178008	-0.2743823528289795		0.012868404388427734
28178009	-0.2766857147216797		0.008986473083496094
28178010	-0.27487921714782715		0.012921810150146484
28178011	-0.2752218246459961		0.012890815734863281
28178012	-0.2768549919128418		0.010321617126464844
28178013	-0.27749204635620117		0.009549140930175781
28178014	-0.2761807441711426		0.012746810913085938
28178015	-0.2772972583770752		0.010912418365478516
28178016	-0.2766258716583252		0.012817859649658203
28178017	-0.277019739151001		0.012779712677001953
28178018	-0.2779085636138916		0.011443614959716797
28178019	-0.2776792049407959		0.01252603530883789
28178020	-0.2790515422821045		0.01201486587524414
28178021	-0.2780299186706543		0.012767791748046875
28178022	-0.28012967109680176		0.012160778045654297
28178023	-0.28162121772766113		0.005111217498779297
28178024	-0.28067636489868164		0.0092315673828125
28178025	-0.2800278663635254		0.011000633239746094
28178026	-0.2795712947845459		0.012570858001708984
28178027	-0.280902624130249		0.010280132293701172
28178028	-0.2808842658996582		0.011089324951171875
28178029	-0.28032898902893066		0.01283884048461914
28178030	-0.28019094467163086		0.013454437255859375
28178031	-0.2806887626647949		0.013204574584960938
28178032	-0.2810652256011963		0.01281881332397461
28178033	-0.283475399017334		0.008681297302246094
28178034	-0.2848505973815918		0.006564140319824219
28178035	-0.28329038619995117		0.010018348693847656
28178036	-0.2843019962310791		0.00855875015258789
28178037	-0.28195834159851074		0.013947010040283203
28178038	-0.2827944755554199		0.012731552124023438
28178039	-0.28298139572143555		0.012909889221191406
28178040	-0.2836921215057373		0.011996746063232422
28178041	-0.28374600410461426		0.012420177459716797
28178042	-0.28597092628479004		0.008513927459716797
28178043	-0.28524088859558105		0.011141300201416016
28178044	-0.28481149673461914		0.012053489685058594
28178045	-0.28711700439453125		0.00820159912109375
28178046	-0.2866685390472412		0.007791996002197266
28178047	-0.28474974632263184		0.01395273208618164
28178048	-0.28565120697021484		0.012778282165527344
28178049	-0.28678131103515625		0.010958671569824219
28178050	-0.28780364990234375		0.009352684020996094
28178051	-0.2864267826080322		0.012707233428955078
28178052	-0.2875838279724121		0.011197090148925781
28178053	-0.2881603240966797		0.012172698974609375
28178054	-0.28749752044677734		0.01219940185546875
28178055	-0.2898063659667969		0.008495330810546875
28178056	-0.29001832008361816		0.008374691009521484
28178057	-0.2924480438232422		0.0043182373046875
28178058	-0.2892167568206787		0.011200428009033203
28178059	-0.28870320320129395		0.012720584869384766
28178060	-0.28992676734924316		0.01087331771850586
28178061	-0.2892262935638428		0.01307821273803711
28178062	-0.2915492057800293		0.008938789367675781
28178063	-0.2898273468017578		0.012881278991699219
28178064	-0.28958749771118164		0.013728141784667969
28178065	-0.2945287227630615		0.004441738128662109
28178066	-0.29036903381347656		0.013381004333496094
28178067	-0.2937643527984619		0.007696628570556641
28178068	-0.29363393783569336		0.008095741271972656
28178069	-0.29259395599365234		0.010575294494628906
28178070	-0.29177117347717285		0.012685298919677734
28178071	-0.29283761978149414		0.01058197021484375
28178072	-0.29355716705322266		0.010343551635742188
28178073	-0.2920103073120117		0.014092445373535156
28178074	-0.29287028312683105		0.012844562530517578
28178075	-0.29514169692993164		0.008852958679199219
28178076	-0.29572081565856934		0.014567852020263672
28178077	-0.3930027484893799		0.20678377151489258
28178078	-0.2940232753753662		0.012883663177490234
28178079	-0.295320987701416		0.010717391967773438
28178080	-0.2957460880279541		0.010414600372314453
28178081	-0.29579997062683105		0.01093435287475586
28178082	-0.29529643058776855		0.012506961822509766
28178083	-0.2978696823120117		0.0061511993408203125
28178084	-0.2965731620788574		0.011057853698730469
28178085	-0.24616336822509766		0.11488628387451172
28178086	-0.29578375816345215		0.012031078338623047
28178087	-0.3001067638397217		0.005948543548583984
28178088	-0.29680538177490234		0.015819549560546875
28178089	-0.35182952880859375		0.12385272979736328
28178090	-0.29691410064697266		0.013485908508300781
28178091	-0.297893762588501		0.012085437774658203
28178092	-0.2978479862213135		0.01282644271850586
28178093	-0.2981545925140381		0.012616634368896484
28178094	-0.29845619201660156		0.012725830078125
28178095	-0.2988109588623047		0.012520790100097656
28178096	-0.2987027168273926		0.0134124755859375
28178097	-0.29904675483703613		0.013585567474365234
28178098	-0.29900240898132324		0.013969898223876953
28178099	-0.3025832176208496		0.00738525390625
28178100	-0.3024170398712158		0.008919239044189453
28178101	-0.3010842800140381		0.011589527130126953
28178102	-0.3026430606842041		0.011482715606689453
28178103	-0.3050205707550049		0.004678249359130859
28178104	-0.30150341987609863		0.015586376190185547
28178105	-0.30263423919677734		0.010550498962402344
28178106	-0.30362510681152344		0.012301445007324219
28178107	-0.303863525390625		0.009272575378417969
28178108	-0.30455732345581055		0.010950088500976562
28178109	-0.30360913276672363		0.011016368865966797
28178110	-0.3044891357421875		0.009755134582519531
28178111	-0.30724120140075684		0.005196094512939453
28178112	-0.3062570095062256		0.007307529449462891
28178113	-0.3055257797241211		0.0070552825927734375
28178114	-0.30568408966064453		0.007071495056152344
28178115	-0.30402612686157227		0.0134429931640625
28178116	-0.30467891693115234		0.012816429138183594
28178117	-0.3057844638824463		0.010962963104248047
28178118	-0.3070182800292969		0.009210586547851562
28178119	-0.3068675994873047		0.01039886474609375
28178120	-0.3070354461669922		0.01013946533203125
28178121	-0.30769968032836914		0.009408950805664062
28178122	-0.30794858932495117		0.009393692016601562
28178123	-0.3078012466430664		0.010304450988769531
28178124	-0.3070948123931885		0.01473379135131836
28178125	-0.3098609447479248		0.009869098663330078
28178126	-0.30832624435424805		0.0112152099609375
28178127	-0.307675838470459		0.012843132019042969
28178128	-0.3078887462615967		0.012967586517333984
28178129	-0.30887484550476074		0.014162540435791016
28178130	-0.3079707622528076		0.014049053192138672
28178131	-0.31105661392211914		0.008307456970214844
28178132	-0.3114488124847412		0.008430004119873047
28178133	-0.30966949462890625		0.012086868286132812
28178134	-0.30972909927368164		0.012701034545898438
28178135	-0.31278419494628906		0.007460594177246094
28178136	-0.31296539306640625		0.007056236267089844
28178137	-0.3105742931365967		0.012875080108642578
28178138	-0.31182050704956055		0.0111236572265625
28178139	-0.31046509742736816		0.014037609100341797
28178140	-0.3116931915283203		0.012223243713378906
28178141	-0.3125593662261963		0.01094675064086914
28178142	-0.3119797706604004		0.0152587890625
28178143	-0.31214332580566406		0.012925148010253906
28178144	-0.31596899032592773		0.01030731201171875
28178145	-0.3136327266693115		0.010928630828857422
28178146	-0.3130035400390625		0.012760162353515625
28178147	-0.3132784366607666		0.012639522552490234
28178148	-0.31301307678222656		0.0139923095703125
28178149	-0.31595611572265625		0.008477210998535156
28178150	-0.3145930767059326		0.011939525604248047
28178151	-0.31498003005981445		0.011705398559570312
28178152	-0.31473255157470703		0.012943267822265625
28178153	-0.31723904609680176		0.008361339569091797
28178154	-0.31768107414245605		0.007942676544189453
28178155	-0.3180887699127197		0.007615566253662109
28178156	-0.31670451164245605		0.010961055755615234
28178157	-0.3155238628387451		0.014023303985595703
28178158	-0.31641650199890137		0.012959957122802734
28178159	-0.31781768798828125		0.010300636291503906
28178160	-0.31685972213745117		0.013133049011230469
28178161	-0.31775450706481934		0.014179706573486328
28178162	-0.3190610408782959		0.009720325469970703
28178163	-0.3186607360839844		0.01090240478515625
28178164	-0.3173997402191162		0.01392507553100586
28178165	-0.3185741901397705		0.01214456558227539
28178166	-0.3207123279571533		0.00852823257446289
28178167	-0.3193812370300293		0.011727333068847656
28178168	-0.31926679611206055		0.012400627136230469
28178169	-0.31941938400268555		0.012752532958984375
28178170	-0.4005165100097656		0.17446517944335938
28178171	-0.31954431533813477		0.013472557067871094
28178172	-0.32197141647338867		0.009344100952148438
28178173	-0.3201906681060791		0.012035846710205078
28178174	-0.3207881450653076		0.012801647186279297
28178175	-0.34433460235595703		0.051627159118652344
28178176	-0.3222463130950928		0.01097726821899414
28178177	-0.3666231632232666		0.10292959213256836
28178178	-0.32234954833984375		0.01171112060546875
28178179	-0.3229682445526123		0.01118612289428711
28178180	-0.3224611282348633		0.012749671936035156
28178181	-0.32164478302001953		0.013175010681152344
28178182	-0.32237768173217773		0.013964653015136719
28178183	-0.32409071922302246		0.011001110076904297
28178184	-0.3243141174316406		0.011203765869140625
28178185	-0.32378411293029785		0.012809276580810547
28178186	-0.326779842376709		0.0072994232177734375
28178187	-0.325941801071167		0.009513378143310547
28178188	-0.3258981704711914		0.010223388671875
28178189	-0.3248133659362793		0.012914657592773438
28178190	-0.3261075019836426		0.01102447509765625
28178191	-0.3294951915740967		0.004707813262939453
28178192	-0.3257172107696533		0.012828350067138672
28178193	-0.32724857330322266		0.0102386474609375
28178194	-0.32635498046875		0.0152587890625
28178195	-0.32649803161621094		0.012851715087890625
28178196	-0.32842278480529785		0.012113094329833984
28178197	-0.3287818431854248		0.009503841400146484
28178198	-0.3301424980163574		0.007293701171875
28178199	-0.32998108863830566		0.008036136627197266
28178200	-0.3297286033630371		0.009476661682128906
28178201	-0.3276965618133545		0.014063358306884766
28178202	-0.32906126976013184		0.012256145477294922
28178203	-0.3282773494720459		0.013779163360595703
28178204	-0.33052825927734375		0.009691238403320312
28178205	-0.32885122299194336		0.01415252685546875
28178206	-0.3336758613586426		0.004946708679199219
28178207	-0.3300933837890625		0.0155487060546875
28178208	-0.3312089443206787		0.01064157485961914
28178209	-0.33258724212646484		0.008394241333007812
28178210	-0.3333745002746582		0.007933616638183594
28178211	-0.33098912239074707		0.012993335723876953
28178212	-0.3333120346069336		0.011199951171875
28178213	-0.33154749870300293		0.01280832290649414
28178214	-0.3317553997039795		0.013065814971923828
28178215	-0.36225461959838867		0.07324790954589844
28178216	-0.3345339298248291		0.008633136749267578
28178217	-0.33237767219543457		0.013831615447998047
28178218	-0.33383965492248535		0.010877132415771484
28178219	-0.33492517471313477		0.009179115295410156
28178220	-0.33350348472595215		0.013172626495361328
28178221	-0.3378291130065918		0.0046596527099609375
28178222	-0.3339860439300537		0.012842655181884766
28178223	-0.33426737785339355		0.01274728775024414
28178224	-0.33457303047180176		0.012774944305419922
28178225	-0.33551597595214844		0.011577606201171875
28178226	-0.3383951187133789		0.008698463439941406
28178227	-0.3354513645172119		0.015453815460205078
28178228	-0.3356969356536865		0.013134479522705078
28178229	-0.33586764335632324		0.012688159942626953
28178230	-0.33754658699035645		0.010060787200927734
28178231	-0.33709216117858887		0.014188289642333984
28178232	-0.338336706161499		0.012207508087158203
28178233	-0.3411421775817871		0.0044422149658203125
28178234	-0.33824682235717773		0.010952949523925781
28178235	-0.33750200271606445		0.012828826904296875
28178236	-0.34067845344543457		0.007654666900634766
28178237	-0.34158992767333984		0.0060749053955078125
28178238	-0.342456579208374		0.004616260528564453
28178239	-0.3387339115142822		0.012680530548095703
28178240	-0.33880090713500977		0.013021469116210938
28178241	-0.3389139175415039		0.013580322265625
28178242	-0.3390944004058838		0.01368093490600586
28178243	-0.33914661407470703		0.013940811157226562
28178244	-0.33992624282836914		0.013003349304199219
28178245	-0.3446979522705078		0.021526336669921875
28178246	-0.34020400047302246		0.013466358184814453
28178247	-0.3417534828186035		0.011012077331542969
28178248	-0.3411977291107178		0.012708187103271484
28178249	-0.34198617935180664		0.014225006103515625
28178250	-0.341724157333374		0.012702465057373047
28178251	-0.34221863746643066		0.012362003326416016
28178252	-0.34280943870544434		0.014249324798583984
28178253	-0.34253525733947754		0.01280832290649414
28178254	-0.3450429439544678		0.008087635040283203
28178255	-0.3459150791168213		0.007493495941162109
28178256	-0.34559130668640137		0.008168697357177734
28178257	-0.342937707901001		0.014191150665283203
28178258	-0.3865227699279785		0.09215164184570312
28178259	-0.344158411026001		0.013011455535888672
28178260	-0.34381675720214844		0.014004707336425781
28178261	-0.348752498626709		0.0049228668212890625
28178262	-0.34493494033813477		0.012791633605957031
28178263	-0.34517812728881836		0.012806892395019531
28178264	-0.3473939895629883		0.011441230773925781
28178265	-0.34575414657592773		0.012862205505371094
28178266	-0.3461017608642578		0.012908935546875
28178267	-0.34917664527893066		0.009724140167236328
28178268	-0.34932875633239746		0.007400035858154297
28178269	-0.34943509101867676		0.00850534439086914
28178270	-0.3470945358276367		0.012828826904296875
28178271	-0.34921979904174805		0.012080192565917969
28178272	-0.3506619930267334		0.009277820587158203
28178273	-0.34763526916503906		0.013628005981445312
28178274	-0.34827375411987305		0.012629508972167969
28178275	-0.34798693656921387		0.01406717300415039
28178276	-0.34893226623535156		0.013173103332519531
28178277	-0.34964561462402344		0.012920379638671875
28178278	-0.45664548873901367		0.21654319763183594
28178279	-0.3504912853240967		0.010826587677001953
28178280	-0.3533306121826172		0.008661270141601562
28178281	-0.35109376907348633		0.010816574096679688
28178282	-0.3520946502685547		0.010084152221679688
28178283	-0.35146069526672363		0.011535167694091797
28178284	-0.35107421875		0.01293182373046875
28178285	-0.3520772457122803		0.01036214828491211
28178286	-0.35169100761413574		0.013010501861572266
28178287	-0.3528022766113281		0.011077880859375
28178288	-0.3520209789276123		0.01294565200805664
28178289	-0.35433197021484375		0.008910179138183594
28178290	-0.35419678688049316		0.00961160659790039
28178291	-0.35597658157348633		0.006415367126464844
28178292	-0.3556814193725586		0.008227348327636719
28178293	-0.35344552993774414		0.012950897216796875
28178294	-0.35462093353271484		0.010981559753417969
28178295	-0.35411953926086426		0.01560068130493164
28178296	-0.35557007789611816		0.010335445404052734
28178297	-0.35447192192077637		0.012936115264892578
28178298	-0.3560943603515625		0.010325431823730469
28178299	-0.35527825355529785		0.012435436248779297
28178300	-0.35687851905822754		0.009740352630615234
28178301	-0.358431339263916		0.007338523864746094
28178302	-0.3567824363708496		0.011168479919433594
28178303	-0.3598597049713135		0.011993885040283203
28178304	-0.35643839836120605		0.012819766998291016
28178305	-0.35674548149108887		0.012924671173095703
28178306	-0.3569824695587158		0.012867450714111328
28178307	-0.3574228286743164		0.01300811767578125
28178308	-0.3569509983062744		0.01390218734741211
28178309	-0.35721445083618164		0.013916969299316406
28178310	-0.3590848445892334		0.010906696319580078
28178311	-0.35856056213378906		0.012907981872558594
28178312	-0.3616809844970703		0.009213447570800781
28178313	-0.40505170822143555		0.10810089111328125
28178314	-0.36011719703674316		0.01085805892944336
28178315	-0.3596227169036865		0.013008594512939453
28178316	-0.36064982414245605		0.010982036590576172
28178317	-0.35997915267944336		0.0128326416015625
28178318	-0.36029911041259766		0.012701988220214844
28178319	-0.361483097076416		0.010972976684570312
28178320	-0.36083102226257324		0.012763500213623047
28178321	-0.3610494136810303		0.012822628021240234
28178322	-0.3630356788635254		0.009561538696289062
28178323	-0.363994836807251		0.008122920989990234
28178324	-0.3637707233428955		0.00898885726928711
28178325	-0.3630104064941406		0.011254310607910156
28178326	-0.3641805648803711		0.009222984313964844
28178327	-0.3630862236022949		0.012053489685058594
28178328	-0.36301398277282715		0.013025760650634766
28178329	-0.36328935623168945		0.012801170349121094
28178330	-0.3642005920410156		0.012197494506835938
28178331	-0.36443185806274414		0.013002395629882812
28178332	-0.3663027286529541		0.008092403411865234
28178333	-0.36377692222595215		0.014000415802001953
28178334	-0.3646080493927002		0.01272726058959961
28178335	-0.36489367485046387		0.012909412384033203
28178336	-0.36514878273010254		0.01290273666381836
28178337	-0.36570048332214355		0.01305532455444336
28178338	-0.36542439460754395		0.013451099395751953
28178339	-0.36679720878601074		0.012407779693603516
28178340	-0.3686385154724121		0.006011962890625
28178341	-0.3675234317779541		0.011619091033935547
28178342	-0.36710047721862793		0.013358592987060547
28178343	-0.3674042224884033		0.013167858123779297
28178344	-0.37129688262939453		0.005741119384765625
28178345	-0.36882472038269043		0.01143789291381836
28178346	-0.36978840827941895		0.011428356170654297
28178347	-0.3693244457244873		0.011507511138916016
28178348	-0.36962032318115234		0.011284828186035156
28178349	-0.36959195137023926		0.01196146011352539
28178350	-0.36954641342163086		0.012942314147949219
28178351	-0.3722410202026367		0.007918357849121094
28178352	-0.3711221218109131		0.010525226593017578
28178353	-0.3708066940307617		0.011651992797851562
28178354	-0.3704683780670166		0.013454914093017578
28178355	-0.37006688117980957		0.014371395111083984
28178356	-0.3746063709259033		0.005061626434326172
28178357	-0.37209439277648926		0.011403560638427734
28178358	-0.44852757453918457		0.1594071388244629
28178359	-0.3717012405395508		0.013319969177246094
28178360	-0.37135791778564453		0.014459609985351562
28178361	-0.37221717834472656		0.013279914855957031
28178362	-0.3722200393676758		0.013760566711425781
28178363	-0.37298130989074707		0.01349020004272461
28178364	-0.37313103675842285		0.01314401626586914
28178365	-0.3734152317047119		0.01332235336303711
28178366	-0.37601232528686523		0.0075836181640625
28178367	-0.3758687973022461		0.008534431457519531
28178368	-0.37630200386047363		0.008548259735107422
28178369	-0.37575864791870117		0.009674072265625
28178370	-0.3744683265686035		0.012944221496582031
28178371	-0.3787078857421875		0.00475311279296875
28178372	-0.37677931785583496		0.011911869049072266
28178373	-0.37494945526123047		0.013597488403320312
28178374	-0.37685465812683105		0.010350704193115234
28178375	-0.3764777183532715		0.014234542846679688
28178376	-0.37641024589538574		0.01236581802368164
28178377	-0.3781445026397705		0.013348102569580078
28178378	-0.378894567489624		0.008333683013916016
28178379	-0.3795320987701416		0.007771968841552734
28178380	-0.3782646656036377		0.013229846954345703
28178381	-0.37686848640441895		0.013995647430419922
28178382	-0.37751007080078125		0.013510704040527344
28178383	-0.37748193740844727		0.013962745666503906
28178384	-0.3786451816558838		0.011985301971435547
28178385	-0.3807196617126465		0.008610725402832031
28178386	-0.37894153594970703		0.012713432312011719
28178387	-0.38028454780578613		0.010634899139404297
28178388	-0.3822174072265625		0.007049560546875
28178389	-0.3813972473144531		0.009430885314941406
28178390	-0.3800387382507324		0.012813568115234375
28178391	-0.37963271141052246		0.013918399810791016
28178392	-0.38048410415649414		0.012679100036621094
28178393	-0.4089934825897217		0.06130075454711914
28178394	-0.38029932975769043		0.013676166534423828
28178395	-0.38109278678894043		0.013222217559814453
28178396	-0.38166093826293945		0.012651443481445312
28178397	-0.3820912837982178		0.014728069305419922
28178398	-0.382035493850708		0.01298379898071289
28178399	-0.38300037384033203		0.011767387390136719
28178400	-0.38211846351623535		0.01395273208618164
28178401	-0.38291239738464355		0.013549327850341797
28178402	-0.3860156536102295		0.007227420806884766
28178403	-0.3863193988800049		0.007179737091064453
28178404	-0.3875443935394287		0.00971841812133789
28178405	-0.38425469398498535		0.01303720474243164
28178406	-0.384319543838501		0.012839794158935547
28178407	-0.3859574794769287		0.01007986068725586
28178408	-0.38663244247436523		0.009325027465820312
28178409	-0.3869020938873291		0.011639118194580078
28178410	-0.386246919631958		0.01368570327758789
28178411	-0.3866312503814697		0.010907649993896484
28178412	-0.38995909690856934		0.004807949066162109
28178413	-0.5013046264648438		0.24323463439941406
28178414	-0.3866250514984131		0.012557506561279297
28178415	-0.3878774642944336		0.010529518127441406
28178416	-0.38707542419433594		0.012834548950195312
28178417	-0.388291597366333		0.010952472686767578
28178418	-0.3883969783782959		0.013863086700439453
28178419	-0.38985395431518555		0.012744903564453125
28178420	-0.3890705108642578		0.013704299926757812
28178421	-0.3896982669830322		0.013958454132080078
28178422	-0.3887021541595459		0.012792110443115234
28178423	-0.389880895614624		0.011138439178466797
28178424	-0.39150261878967285		0.008231639862060547
28178425	-0.38945960998535156		0.012848854064941406
28178426	-0.38939499855041504		0.01409769058227539
28178427	-0.3899698257446289		0.0128631591796875
28178428	-0.3898012638092041		0.013968944549560547
28178429	-0.3900613784790039		0.014056205749511719
28178430	-0.394503116607666		0.011559486389160156
28178431	-0.4450843334197998		0.1175694465637207
28178432	-0.3914496898651123		0.012781620025634766
28178433	-0.39347267150878906		0.008063316345214844
28178434	-0.3919985294342041		0.012936115264892578
28178435	-0.39232826232910156		0.0127716064453125
28178436	-0.39196300506591797		0.014112472534179688
28178437	-0.3927576541900635		0.013025760650634766
28178438	-0.3940396308898926		0.011022567749023438
28178439	-0.392531156539917		0.01303720474243164
28178440	-0.39379072189331055		0.012688636779785156
28178441	-0.3938262462615967		0.012909412384033203
28178442	-0.3942253589630127		0.012789249420166016
28178443	-0.481151819229126		0.18636560440063477
28178444	-0.39473867416381836		0.012835502624511719
28178445	-0.395643949508667		0.014585018157958984
28178446	-0.395035982131958		0.01340627670288086
28178447	-0.39636993408203125		0.011190414428710938
28178448	-0.39585232734680176		0.012977123260498047
28178449	-0.3956336975097656		0.013799667358398438
28178450	-0.39795827865600586		0.009593009948730469
28178451	-0.3972454071044922		0.01413726806640625
28178452	-0.39971423149108887		0.007704257965087891
28178453	-0.3971538543701172		0.012839317321777344
28178454	-0.39756035804748535		0.012645244598388672
28178455	-0.39738988876342773		0.013634681701660156
28178456	-0.3988833427429199		0.010937690734863281
28178457	-0.3990910053253174		0.01126241683959961
28178458	-0.4750096797943115		0.15975522994995117
28178459	-0.3982369899749756		0.01396322250366211
28178460	-0.3992154598236084		0.012674808502197266
28178461	-0.3994109630584717		0.012660503387451172
28178462	-0.3997681140899658		0.013086795806884766
28178463	-0.39998698234558105		0.012805461883544922
28178464	-0.40114521980285645		0.011026859283447266
28178465	-0.40085291862487793		0.011980533599853516
28178466	-0.40157055854797363		0.012443065643310547
28178467	-0.4011216163635254		0.012537002563476562
28178468	-0.40372467041015625		0.010350227355957031
28178469	-0.40139222145080566		0.01222848892211914
28178470	-0.4027373790740967		0.010996341705322266
28178471	-0.4043862819671631		0.00814676284790039
28178472	-0.40270376205444336		0.0122528076171875
28178473	-0.40285420417785645		0.01328420639038086
28178474	-0.40294647216796875		0.012677192687988281
28178475	-0.3935229778289795		0.032186031341552734
28178476	-0.40578222274780273		0.010777473449707031
28178477	-0.40309691429138184		0.013966083526611328
28178478	-0.40401315689086914		0.012838363647460938
28178479	-0.40432167053222656		0.012745857238769531
28178480	-0.40581512451171875		0.010350227355957031
28178481	-0.40611815452575684		0.010259151458740234
28178482	-0.40624022483825684		0.013008594512939453
28178483	-0.40517592430114746		0.013209819793701172
28178484	-0.4065663814544678		0.008966922760009766
28178485	-0.4089648723602295		0.020442485809326172
28178486	-0.40624237060546875		0.012631416320800781
28178487	-0.40662193298339844		0.012851715087890625
28178488	-0.5390381813049316		0.27600574493408203
28178489	-0.4070932865142822		0.013736248016357422
28178490	-0.4072303771972656		0.012873649597167969
28178491	-0.40999364852905273		0.011205673217773438
28178492	-0.4100656509399414		0.008414268493652344
28178493	-0.40808582305908203		0.012818336486816406
28178494	-0.40871238708496094		0.01206207275390625
28178495	-0.40862154960632324		0.012865543365478516
28178496	-0.4089529514312744		0.012833118438720703
28178497	-0.40923333168029785		0.012830257415771484
28178498	-0.4110710620880127		0.009653568267822266
28178499	-0.41167545318603516		0.011020660400390625
28178500	-0.40938568115234375		0.014105796813964844
28178501	-0.4114811420440674		0.01055765151977539
28178502	-0.4117929935455322		0.01023244857788086
28178503	-0.4105198383331299		0.013448238372802734
28178504	-0.4120824337005615		0.010948657989501953
28178505	-0.4109818935394287		0.013748645782470703
28178506	-0.4112274646759033		0.01374197006225586
28178507	-0.4120032787322998		0.012667179107666016
28178508	-0.41411375999450684		0.011649608612060547
28178509	-0.4142005443572998		0.00943136215209961
28178510	-0.41684460639953613		0.004507541656494141
28178511	-0.41550326347351074		0.008394718170166016
28178512	-0.4129600524902344		0.012342453002929688
28178513	-0.40648722648620605		0.027353763580322266
28178514	-0.4133932590484619		0.014223575592041016
28178515	-0.4160010814666748		0.009259700775146484
28178516	-0.5364618301391602		0.24913406372070312
28178517	-0.4145066738128662		0.013583660125732422
28178518	-0.4144418239593506		0.014106273651123047
28178519	-0.4146444797515869		0.01388406753540039
28178520	-0.41553759574890137		0.012828350067138672
28178521	-0.4162273406982422		0.011865615844726562
28178522	-0.41654419898986816		0.011863231658935547
28178523	-0.4163672924041748		0.01281881332397461
28178524	-0.4188551902770996		0.008152008056640625
28178525	-0.4174931049346924		0.011764049530029297
28178526	-0.41986727714538574		0.007340908050537109
28178527	-0.42115306854248047		0.0042591094970703125
28178528	-0.4170973300933838		0.013903141021728516
28178529	-0.4189131259918213		0.010867595672607422
28178530	-0.42012572288513184		0.00907754898071289
28178531	-0.418487548828125		0.012829780578613281
28178532	-0.41814160346984863		0.014066219329833984
28178533	-0.41902589797973633		0.012823104858398438
28178534	-0.42102813720703125		0.009221076965332031
28178535	-0.41923069953918457		0.013468265533447266
28178536	-0.41925954818725586		0.0139923095703125
28178537	-0.42029523849487305		0.012434005737304688
28178538	-0.4214181900024414		0.010100364685058594
28178539	-0.42172694206237793		0.011123180389404297
28178540	-0.4240453243255615		0.006514072418212891
28178541	-0.42107343673706055		0.013165473937988281
28178542	-0.4215254783630371		0.012696266174316406
28178543	-0.4212055206298828		0.013964653015136719
28178544	-0.42604613304138184		0.004746913909912109
28178545	-0.42460036277770996		0.008272647857666016
28178546	-0.42255616188049316		0.01282358169555664
28178547	-0.4228975772857666		0.012751102447509766
28178548	-0.4230802059173584		0.012962818145751953
28178549	-0.425734281539917		0.00804758071899414
28178550	-0.4239766597747803		0.012108325958251953
28178551	-0.42433929443359375		0.012146949768066406
28178552	-0.42479777336120605		0.011676311492919922
28178553	-0.42516374588012695		0.011487007141113281
28178554	-0.42478442192077637		0.012741565704345703
28178555	-0.42585301399230957		0.011211872100830078
28178556	-0.42531704902648926		0.012784481048583984
28178557	-0.4262406826019287		0.013959407806396484
28178558	-0.42588162422180176		0.012904644012451172
28178559	-0.42769408226013184		0.011255741119384766
28178560	-0.42727112770080566		0.011006832122802734
28178561	-0.4272904396057129		0.014159202575683594
28178562	-0.4270045757293701		0.01281595230102539
28178563	-0.42725706100463867		0.012988090515136719
28178564	-0.4275233745574951		0.012852191925048828
28178565	-0.4287233352661133		0.010947227478027344
28178566	-0.4279968738555908		0.01304006576538086
28178567	-0.4289734363555908		0.014126300811767578
28178568	-0.4281461238861084		0.014320850372314453
28178569	-0.42913126945495605		0.012267589569091797
28178570	-0.430466890335083		0.010302066802978516
28178571	-0.4307444095611572		0.010080814361572266
28178572	-0.4297523498535156		0.012804985046386719
28178573	-0.42945265769958496		0.014050006866455078
28178574	-0.43033313751220703		0.012699127197265625
28178575	-0.43021225929260254		0.013447284698486328
28178576	-0.43161487579345703		0.011059761047363281
28178577	-0.43193626403808594		0.010929107666015625
28178578	-0.4307730197906494		0.014028072357177734
28178579	-0.43195676803588867		0.012156486511230469
28178580	-0.43190455436706543		0.012836933135986328
28178581	-0.43445920944213867		0.008381843566894531
28178582	-0.4349532127380371		0.0077800750732421875
28178583	-0.4338209629058838		0.010856151580810547
28178584	-0.4341590404510498		0.010483264923095703
28178585	-0.4326796531677246		0.013888359069824219
28178586	-0.43427205085754395		0.014079570770263672
28178587	-0.43335652351379395		0.013733386993408203
28178588	-0.557652473449707		0.2601499557495117
28178589	-0.43430471420288086		0.013009071350097656
28178590	-0.4346930980682373		0.012820720672607422
28178591	-0.43700075149536133		0.008626937866210938
28178592	-0.436476469039917		0.010279178619384766
28178593	-0.43822312355041504		0.007214069366455078
28178594	-0.4356961250305176		0.012763023376464844
28178595	-0.435992956161499		0.012842655181884766
28178596	-0.435683012008667		0.014019489288330078
28178597	-0.43796515464782715		0.01243734359741211
28178598	-0.4390406608581543		0.008749961853027344
28178599	-0.43881916999816895		0.01176309585571289
28178600	-0.4373793601989746		0.012664794921875
28178601	-0.4389469623565674		0.010225772857666016
28178602	-0.43857502937316895		0.011250019073486328
28178603	-0.43891048431396484		0.013743400573730469
28178604	-0.43845176696777344		0.012696266174316406
28178605	-0.43909192085266113		0.011965274810791016
28178606	-0.5050208568572998		0.1482100486755371
28178607	-0.43932628631591797		0.012791633605957031
28178608	-0.4390287399291992		0.013967514038085938
28178609	-0.44017457962036133		0.012115478515625
28178610	-0.4430077075958252		0.009511470794677734
28178611	-0.44042277336120605		0.01277303695678711
28178612	-0.4407360553741455		0.012843608856201172
28178613	-0.4409627914428711		0.012815475463867188
28178614	-0.4412112236022949		0.012742042541503906
28178615	-0.4424412250518799		0.014847278594970703
28178616	-0.4414653778076172		0.01349639892578125
28178617	-0.44214487075805664		0.01274871826171875
28178618	-0.44306302070617676		0.014450550079345703
28178619	-0.44320249557495117		0.012461662292480469
28178620	-0.44234299659729004		0.01383829116821289
28178621	-0.4431188106536865		0.012926578521728516
28178622	-0.4434652328491211		0.012812614440917969
28178623	-0.445023775100708		0.01268148422241211
28178624	-0.4455447196960449		0.009614944458007812
28178625	-0.44726991653442383		0.0071048736572265625
28178626	-0.44406890869140625		0.013855934143066406
28178627	-0.4449448585510254		0.012539863586425781
28178628	-0.44603753089904785		0.010979175567626953
28178629	-0.44484663009643555		0.014168739318847656
28178630	-0.4467298984527588		0.010523319244384766
28178631	-0.44696903228759766		0.010672569274902344
28178632	-0.44977569580078125		0.005248069763183594
28178633	-0.44655513763427734		0.015250205993652344
28178634	-0.4476959705352783		0.011014461517333984
28178635	-0.4470810890197754		0.012824058532714844
28178636	-0.44802260398864746		0.011626720428466797
28178637	-0.4476890563964844		0.012735366821289062
28178638	-0.44730544090270996		0.013997554779052734
28178639	-0.4489917755126953		0.011322021484375
28178640	-0.44841814041137695		0.012795448303222656
28178641	-0.44867849349975586		0.012945175170898438
28178642	-0.4519922733306885		0.006858348846435547
28178643	-0.44991207122802734		0.011621475219726562
28178644	-0.4535341262817383		0.012095451354980469
28178645	-0.4498884677886963		0.012923717498779297
28178646	-0.45119333267211914		0.010545730590820312
28178647	-0.4500234127044678		0.013495922088623047
28178648	-0.4515817165374756		0.011051654815673828
28178649	-0.45192694664001465		0.01093912124633789
28178650	-0.4511830806732178		0.012781620025634766
28178651	-0.45139479637145996		0.01280069351196289
28178652	-0.4532797336578369		0.012173175811767578
28178653	-0.45458984375		0.0075836181640625
28178654	-0.45501232147216797		0.007282257080078125
28178655	-0.4553647041320801		0.0074920654296875
28178656	-0.4529385566711426		0.012617111206054688
28178657	-0.45298290252685547		0.012946128845214844
28178658	-0.4552485942840576		0.012085437774658203
28178659	-0.45474720001220703		0.010483741760253906
28178660	-0.45394158363342285		0.012712955474853516
28178661	-0.45770716667175293		0.004001140594482422
28178662	-0.45444536209106445		0.012889862060546875
28178663	-0.45471954345703125		0.01279449462890625
28178664	-0.45897698402404785		0.004687786102294922
28178665	-0.4546658992767334		0.013919353485107422
28178666	-0.45734095573425293		0.00907754898071289
28178667	-0.45736145973205566		0.012172222137451172
28178668	-0.45669078826904297		0.014134407043457031
28178669	-0.45659494400024414		0.012472152709960938
28178670	-0.45647549629211426		0.01315450668334961
28178671	-0.4769425392150879		0.055306434631347656
28178672	-0.45813989639282227		0.011206626892089844
28178673	-0.45701003074645996		0.013512134552001953
28178674	-0.45771288871765137		0.012814998626708984
28178675	-0.4586918354034424		0.014079570770263672
28178676	-0.4605836868286133		0.011794090270996094
28178677	-0.45948028564453125		0.010909080505371094
28178678	-0.46203088760375977		0.00635528564453125
28178679	-0.46040892601013184		0.013228893280029297
28178680	-0.45999932289123535		0.014139652252197266
28178681	-0.4623417854309082		0.0077114105224609375
28178682	-0.46257615089416504		0.007392406463623047
28178683	-0.45963454246520996		0.01375722885131836
28178684	-0.46196651458740234		0.009753227233886719
28178685	-0.4625389575958252		0.009073734283447266
28178686	-0.5399134159088135		0.17065191268920898
28178687	-0.4626803398132324		0.0101470947265625
28178688	-0.5024824142456055		0.08985137939453125
28178689	-0.4634380340576172		0.009556770324707031
28178690	-0.4638936519622803		0.009220600128173828
28178691	-0.462191104888916		0.012384414672851562
28178692	-0.46340441703796387		0.014336109161376953
28178693	-0.4629933834075928		0.013041019439697266
28178694	-0.463181734085083		0.012806415557861328
28178695	-0.4634735584259033		0.012737751007080078
28178696	-0.4636878967285156		0.012917518615722656
28178697	-0.46816468238830566		0.004408359527587891
28178698	-0.4681370258331299		0.004471302032470703
28178699	-0.46741151809692383		0.008639335632324219
28178700	-0.46880197525024414		0.00485992431640625
28178701	-0.4651045799255371		0.015186309814453125
28178702	-0.4663054943084717		0.01094961166381836
28178703	-0.469592809677124		0.004755496978759766
28178704	-0.4659605026245117		0.015323638916015625
28178705	-0.46651148796081543		0.01477193832397461
28178706	-0.4704861640930176		0.004795074462890625
28178707	-0.46802830696105957		0.01037454605102539
28178708	-0.46805548667907715		0.011306285858154297
28178709	-0.47126197814941406		0.004764556884765625
28178710	-0.46859288215637207		0.011047840118408203
28178711	-0.47005391120910645		0.008213520050048828
28178712	-0.4702744483947754		0.008582115173339844
28178713	-0.4701557159423828		0.009289741516113281
28178714	-0.47144651412963867		0.00978851318359375
28178715	-0.46904563903808594		0.012749671936035156
28178716	-0.46943235397338867		0.014857292175292969
28178717	-0.469494104385376		0.012768268585205078
28178718	-0.4699258804321289		0.013010025024414062
28178719	-0.4700136184692383		0.012765884399414062
28178720	-0.47452521324157715		0.004261493682861328
28178721	-0.4711625576019287		0.011680126190185547
28178722	-0.47351622581481934		0.007433414459228516
28178723	-0.47365474700927734		0.007763862609863281
28178724	-0.47339725494384766		0.00870513916015625
28178725	-0.4728052616119385		0.010587215423583984
28178726	-0.4719381332397461		0.012835502624511719
28178727	-0.47235560417175293		0.01259756088256836
28178728	-0.47394895553588867		0.010025978088378906
28178729	-0.4726855754852295		0.01270437240600586
28178730	-0.47406888008117676		0.010825634002685547
28178731	-0.47326159477233887		0.012883663177490234
28178732	-0.4737284183502197		0.013148784637451172
28178733	-0.473858118057251		0.01288461685180664
28178734	-0.475994348526001		0.010341167449951172
28178735	-0.47852659225463867		0.011195182800292969
28178736	-0.47588539123535156		0.010281562805175781
28178737	-0.47486352920532227		0.012868881225585938
28178738	-0.47498226165771484		0.013339996337890625
28178739	-0.47510528564453125		0.013447761535644531
28178740	-0.4780313968658447		0.008179187774658203
28178741	-0.47598695755004883		0.012847900390625
28178742	-0.480316162109375		0.0047016143798828125
28178743	-0.47754669189453125		0.01081085205078125
28178744	-0.47888731956481934		0.008682727813720703
28178745	-0.4798414707183838		0.007347583770751953
28178746	-0.48033666610717773		0.006773948669433594
28178747	-0.4777059555053711		0.012757301330566406
28178748	-0.4779696464538574		0.012857437133789062
28178749	-0.4782524108886719		0.012699127197265625
28178750	-0.47847795486450195		0.013003349304199219
28178751	-0.47887158393859863		0.01522684097290039
28178752	-0.47906494140625		0.012801170349121094
28178753	-0.47997617721557617		0.011473655700683594
28178754	-0.4798614978790283		0.012290477752685547
28178755	-0.481320858001709		0.01038360595703125
28178756	-0.48015785217285156		0.013017654418945312
28178757	-0.48246264457702637		0.008748531341552734
28178758	-0.481738805770874		0.01093149185180664
28178759	-0.4825098514556885		0.00959634780883789
28178760	-0.48081302642822266		0.013727188110351562
28178761	-0.48311424255371094		0.0121307373046875
28178762	-0.484699010848999		0.009366512298583984
28178763	-0.4836857318878174		0.01210165023803711
28178764	-0.4838871955871582		0.009789466857910156
28178765	-0.4842522144317627		0.009681224822998047
28178766	-0.4832119941711426		0.012285232543945312
28178767	-0.48308706283569336		0.013014793395996094
28178768	-0.4851512908935547		0.011031150817871094
28178769	-0.4846189022064209		0.013457775115966797
28178770	-0.48380279541015625		0.013607025146484375
28178771	-0.48407840728759766		0.01331329345703125
28178772	-0.5540542602539062		0.15052127838134766
28178773	-0.48514819145202637		0.012619495391845703
28178774	-0.4860074520111084		0.010940074920654297
28178775	-0.4853684902191162		0.012926578521728516
28178776	-0.48569273948669434		0.012713909149169922
28178777	-0.48584485054016113		0.01306772232055664
28178778	-0.4858570098876953		0.013406753540039062
28178779	-0.4859027862548828		0.014047622680664062
28178780	-0.4874861240386963		0.011303424835205078
28178781	-0.4892079830169678		0.00853586196899414
28178782	-0.4874107837677002		0.012840747833251953
28178783	-0.49158740043640137		0.004900455474853516
28178784	-0.48874497413635254		0.01382303237915039
28178785	-0.4891235828399658		0.011101245880126953
28178786	-0.48854637145996094		0.013047218322753906
28178787	-0.4887118339538574		0.012693405151367188
28178788	-0.49369144439697266		0.00611114501953125
28178789	-0.49022698402404785		0.010947704315185547
28178790	-0.4917714595794678		0.00831747055053711
28178791	-0.4910609722137451		0.010299205780029297
28178792	-0.49082064628601074		0.014009952545166016
28178793	-0.4908180236816406		0.013605117797851562
28178794	-0.49088430404663086		0.013715744018554688
28178795	-0.4922947883605957		0.012692451477050781
28178796	-0.49121665954589844		0.012867927551269531
28178797	-0.49097228050231934		0.01397848129272461
28178798	-0.4926769733428955		0.01103067398071289
28178799	-0.4920957088470459		0.012805461883544922
28178800	-0.4932577610015869		0.010967731475830078
28178801	-0.4938368797302246		0.010829925537109375
28178802	-0.4928853511810303		0.013526439666748047
28178803	-0.4946024417877197		0.013994693756103516
28178804	-0.4956400394439697		0.008929729461669922
28178805	-0.4960358142852783		0.008209705352783203
28178806	-0.4940154552459717		0.012883663177490234
28178807	-0.4951934814453125		0.011011123657226562
28178808	-0.49451613426208496		0.012944698333740234
28178809	-0.49589037895202637		0.010608196258544922
28178810	-0.4971957206726074		0.008619308471679688
28178811	-0.495391845703125		0.01273345947265625
28178812	-0.4956185817718506		0.012992382049560547
28178813	-0.4961717128753662		0.012332439422607422
28178814	-0.4970388412475586		0.01161956787109375
28178815	-0.4964745044708252		0.012935161590576172
28178816	-0.49915218353271484		0.008043289184570312
28178817	-0.4989781379699707		0.008944511413574219
28178818	-0.49842381477355957		0.010662555694580078
28178819	-0.49889492988586426		0.010254383087158203
28178820	-0.49791693687438965		0.012668132781982422
28178821	-0.49818873405456543		0.012904644012451172
28178822	-0.49784016609191895		0.013900279998779297
28178823	-0.4988429546356201		0.012506961822509766
28178824	-0.48259830474853516		0.04358482360839844
28178825	-0.4999980926513672		0.010705947875976562
28178826	-0.49927330017089844		0.013245582580566406
28178827	-0.5013175010681152		0.012567520141601562
28178828	-0.5021922588348389		0.008410930633544922
28178829	-0.5009691715240479		0.00979471206665039
28178830	-0.5013163089752197		0.014102458953857422
28178831	-0.500960111618042		0.01273488998413086
28178832	-0.502016544342041		0.01186370849609375
28178833	-0.5055074691772461		0.0046443939208984375
28178834	-0.5026912689208984		0.010957717895507812
28178835	-0.5026979446411133		0.011441230773925781
28178836	-0.5023245811462402		0.012831687927246094
28178837	-0.5034105777740479		0.011248111724853516
28178838	-0.5029895305633545		0.01257181167602539
28178839	-0.5031259059906006		0.012936115264892578
28178840	-0.5043315887451172		0.011107444763183594
28178841	-0.5035006999969482		0.012555599212646484
28178842	-0.50581955909729		0.00884103775024414
28178843	-0.5084972381591797		0.008661270141601562
28178844	-0.507328987121582		0.007279396057128906
28178845	-0.5044045448303223		0.0137786865234375
28178846	-0.5058801174163818		0.01142263412475586
28178847	-0.5047118663787842		0.01408243179321289
28178848	-0.5053958892822266		0.013417243957519531
28178849	-0.5078942775726318		0.009457111358642578
28178850	-0.5056791305541992		0.014000892639160156
28178851	-0.5065722465515137		0.012697219848632812
28178852	-0.508019208908081		0.01046609878540039
28178853	-0.5110206604003906		0.004820823669433594
28178854	-0.5116281509399414		0.010081291198730469
28178855	-0.5068447589874268		0.012438297271728516
28178856	-0.5092663764953613		0.010262489318847656
28178857	-0.5104274749755859		0.008321762084960938
28178858	-0.5094394683837891		0.010866165161132812
28178859	-0.5091886520385742		0.012055397033691406
28178860	-0.5100138187408447		0.011020183563232422
28178861	-0.5093309879302979		0.012824535369873047
28178862	-0.5090663433074951		0.013897418975830078
28178863	-0.5098884105682373		0.012761592864990234
28178864	-0.5095701217651367		0.014079093933105469
28178865	-0.5139150619506836		0.008876800537109375
28178866	-0.5106644630432129		0.013037681579589844
28178867	-0.5130167007446289		0.0088043212890625
28178868	-0.511207103729248		0.013044357299804688
28178869	-0.59470534324646		0.17870569229125977
28178870	-0.5118975639343262		0.012842178344726562
28178871	-0.5131015777587891		0.010847091674804688
28178872	-0.5116002559661865		0.01438283920288086
28178873	-0.516732931137085		0.004859447479248047
28178874	-0.5123727321624756		0.01410531997680664
28178875	-0.5132284164428711		0.012830734252929688
28178876	-0.5129702091217041		0.013956546783447266
28178877	-0.5139784812927246		0.012990951538085938
28178878	-0.5155558586120605		0.009843826293945312
28178879	-0.5152032375335693		0.010968685150146484
28178880	-0.517449140548706		0.007000446319580078
28178881	-0.5142755508422852		0.014008522033691406
28178882	-0.5152552127838135		0.012670040130615234
28178883	-0.5161306858062744		0.013916492462158203
28178884	-0.5170674324035645		0.012784004211425781
28178885	-0.517625093460083		0.012567996978759766
28178886	-0.51776123046875		0.010440826416015625
28178887	-0.5182433128356934		0.009400367736816406
28178888	-0.5174851417541504		0.014075279235839844
28178889	-0.5198657512664795		0.007300853729248047
28178890	-0.5174589157104492		0.012767791748046875
28178891	-0.5193905830383301		0.011961936950683594
28178892	-0.5184450149536133		0.011934280395507812
28178893	-0.519775390625		0.009790420532226562
28178894	-0.5207009315490723		0.007010459899902344
28178895	-0.5189108848571777		0.012713432312011719
28178896	-0.523871660232544		0.006200313568115234
28178897	-0.5188357830047607		0.013934612274169922
28178898	-0.5212693214416504		0.012143135070800781
28178899	-0.52413010597229		0.013654232025146484
28178900	-0.522454023361206		0.008507251739501953
28178901	-0.520289421081543		0.013171195983886719
28178902	-0.664525032043457		0.3002033233642578
28178903	-0.5234425067901611		0.010716915130615234
28178904	-0.5249254703521729		0.006185054779052734
28178905	-0.5216820240020752		0.01258230209350586
28178906	-0.5221781730651855		0.014754295349121094
28178907	-0.5221691131591797		0.012939453125
28178908	-0.5226538181304932		0.013015270233154297
28178909	-0.5247926712036133		0.008660316467285156
28178910	-0.5241427421569824		0.010550498962402344
28178911	-0.5239555835723877		0.01403951644897461
28178912	-0.5263597965240479		0.009809017181396484
28178913	-0.5258069038391113		0.011875152587890625
28178914	-0.5235898494720459		0.013831615447998047
28178915	-0.5250430107116699		0.014201164245605469
28178916	-0.5237600803375244		0.013410091400146484
28178917	-0.5248982906341553		0.012918949127197266
28178918	-0.5253760814666748		0.015012264251708984
28178919	-0.5260391235351562		0.014436721801757812
28178920	-0.5258517265319824		0.012776374816894531
28178921	-0.528886079788208		0.010261058807373047
28178922	-0.5276834964752197		0.01029062271118164
28178923	-0.526785135269165		0.012623310089111328
28178924	-0.5282361507415771		0.01025247573852539
28178925	-0.5305078029632568		0.003993511199951172
28178926	-0.5284256935119629		0.010989189147949219
28178927	-0.528475284576416		0.014104843139648438
28178928	-0.5291652679443359		0.011437416076660156
28178929	-0.5303246974945068		0.008884906768798828
28178930	-0.5309634208679199		0.010713577270507812
28178931	-0.5300242900848389		0.01062154769897461
28178932	-0.5306742191314697		0.009917736053466797
28178933	-0.5319693088531494		0.00790548324584961
28178934	-0.532158374786377		0.00803375244140625
28178935	-0.5333559513092041		0.011270999908447266
28178936	-0.530062198638916		0.013898849487304688
28178937	-0.5310280323028564		0.014693737030029297
28178938	-0.5327117443084717		0.009212017059326172
28178939	-0.5305874347686768		0.014179706573486328
28178940	-0.5340423583984375		0.006314277648925781
28178941	-0.5337729454040527		0.011872291564941406
28178942	-0.5325796604156494		0.014216899871826172
28178943	-0.5345029830932617		0.008399009704589844
28178944	-0.5355744361877441		0.009283065795898438
28178945	-0.5327637195587158		0.013071537017822266
28178946	-0.5373964309692383		0.005082130432128906
28178947	-0.5327901840209961		0.014081001281738281
28178948	-0.5343601703643799		0.013974666595458984
28178949	-0.534609317779541		0.014269828796386719
28178950	-0.534844160079956		0.011706829071044922
28178951	-0.5391619205474854		0.006013393402099609
28178952	-0.5368363857269287		0.01143789291381836
28178953	-0.5363340377807617		0.010463714599609375
28178954	-0.5371406078338623		0.009307384490966797
28178955	-0.5349745750427246		0.014207839965820312
28178956	-0.5355470180511475		0.01354074478149414
28178957	-0.5372769832611084		0.010505199432373047
28178958	-0.5381875038146973		0.009362220764160156
28178959	-0.5361344814300537		0.014023303985595703
28178960	-0.5380275249481201		0.010860919952392578
28178961	-0.5389342308044434		0.012144088745117188
28178962	-0.544989824295044		0.021509647369384766
28178963	-0.5402019023895264		0.008801937103271484
28178964	-0.5407116413116455		0.010249614715576172
28178965	-0.5385496616363525		0.015170574188232422
28178966	-0.5387532711029053		0.012809276580810547
28178967	-0.5384941101074219		0.013759613037109375
28178968	-0.5392673015594482		0.012372493743896484
28178969	-0.5406417846679688		0.013716697692871094
28178970	-0.5405185222625732		0.013831615447998047
28178971	-0.5423226356506348		0.010966300964355469
28178972	-0.5419719219207764		0.012248516082763672
28178973	-0.5410966873168945		0.011966705322265625
28178974	-0.5409591197967529		0.012703418731689453
28178975	-0.5419015884399414		0.013985633850097656
28178976	-0.5429973602294922		0.009840011596679688
28178977	-0.6078529357910156		0.14714431762695312
28178978	-0.541205644607544		0.014485836029052734
28178979	-0.5446224212646484		0.010740280151367188
28178980	-0.5436036586761475		0.010978221893310547
28178981	-0.5471253395080566		0.004351615905761719
28178982	-0.543471097946167		0.012210369110107422
28178983	-0.5459916591644287		0.010165691375732422
28178984	-0.5431942939758301		0.014050483703613281
28178985	-0.5447235107421875		0.011766433715820312
28178986	-0.5443792343139648		0.015149116516113281
28178987	-0.5478124618530273		0.007023811340332031
28178988	-0.5477309226989746		0.009466171264648438
28178989	-0.5452373027801514		0.012619495391845703
28178990	-0.5455067157745361		0.015184879302978516
28178991	-0.5468037128448486		0.014091014862060547
28178992	-0.5465106964111328		0.011953353881835938
28178993	-0.5465130805969238		0.013338088989257812
28178994	-0.547260046005249		0.01453542709350586
28178995	-0.547264575958252		0.009207725524902344
28178996	-0.5496182441711426		0.008245468139648438
28178997	-0.5463221073150635		0.015047550201416016
28178998	-0.5485489368438721		0.011172771453857422
28178999	-0.5487918853759766		0.011210441589355469
28179000	-0.5502851009368896		0.011354923248291016
28179001	-0.552577018737793		0.004811286926269531
28179002	-0.5498137474060059		0.013353347778320312
28179003	-0.5513126850128174		0.008430004119873047
28179004	-0.5491142272949219		0.012462615966796875
28179005	-0.5536844730377197		0.004769802093505859
28179006	-0.549729585647583		0.01392984390258789
28179007	-0.5524916648864746		0.013162612915039062
28179008	-0.5499529838562012		0.013946533203125
28179009	-0.5527465343475342		0.008985042572021484
28179010	-0.6986851692199707		0.29177379608154297
28179011	-0.5513937473297119		0.012650012969970703
28179012	-0.5516660213470459		0.01267099380493164
28179013	-0.5531618595123291		0.010469913482666016
28179014	-0.5516045093536377		0.013916492462158203
28179015	-0.5525028705596924		0.012927532196044922
28179016	-0.5527396202087402		0.012737274169921875
28179017	-0.5556063652038574		0.007659912109375
28179018	-0.5529849529266357		0.01400899887084961
28179019	-0.5564470291137695		0.007658958435058594
28179020	-0.5543408393859863		0.011839866638183594
28179021	-0.5548892021179199		0.011494636535644531
28179022	-0.554093599319458		0.01333475112915039
28179023	-0.5540804862976074		0.0140533447265625
28179024	-0.5550985336303711		0.013020515441894531
28179025	-0.5550858974456787		0.013103961944580078
28179026	-0.5580301284790039		0.00827789306640625
28179027	-0.5558595657348633		0.012682914733886719
28179028	-0.5585150718688965		0.007875442504882812
28179029	-0.558629035949707		0.008511543273925781
28179030	-0.5585980415344238		0.008934974670410156
28179031	-0.5569033622741699		0.012780189514160156
28179032	-0.5581009387969971		0.010956287384033203
28179033	-0.5587480068206787		0.010287761688232422
28179034	-0.5577280521392822		0.012781620025634766
28179035	-0.5597455501556396		0.016144275665283203
28179036	-0.5578584671020508		0.013701438903808594
28179037	-0.5617423057556152		0.011407852172851562
28179038	-0.5594704151153564		0.011616230010986328
28179039	-0.5614964962005615		0.007972240447998047
28179040	-0.5593137741088867		0.012956619262695312
28179041	-0.5592525005340576		0.014190196990966797
28179042	-0.560957670211792		0.010879993438720703
28179043	-0.5597200393676758		0.013915061950683594
28179044	-0.5601274967193604		0.013659000396728516
28179045	-0.5607614517211914		0.012956619262695312
28179046	-0.5623354911804199		0.010514259338378906
28179047	-0.5628154277801514		0.00988149642944336
28179048	-0.5699622631072998		0.01294851303100586
28179049	-0.5620212554931641		0.012752532958984375
28179050	-0.5620074272155762		0.013225555419921875
28179051	-0.5627396106719971		0.012206554412841797
28179052	-0.563730001449585		0.01090860366821289
28179053	-0.563075065612793		0.012667655944824219
28179054	-0.5633580684661865		0.012733936309814453
28179055	-0.56235671043396		0.013737201690673828
28179056	-0.5649697780609131		0.011034488677978516
28179057	-0.5668175220489502		0.007343769073486328
28179058	-0.5644118785858154		0.012918949127197266
28179059	-0.5674662590026855		0.009709358215332031
28179060	-0.5650827884674072		0.013239383697509766
28179061	-0.565345287322998		0.012716293334960938
28179062	-0.566866397857666		0.010172843933105469
28179063	-0.5673589706420898		0.009839057922363281
28179064	-0.5654492378234863		0.01465606689453125
28179065	-0.5664329528808594		0.012764930725097656
28179066	-0.5709290504455566		0.0043659210205078125
28179067	-0.5673491954803467		0.012082576751708984
28179068	-0.570223331451416		0.007801055908203125
28179069	-0.5676181316375732		0.012706279754638672
28179070	-0.567819356918335		0.012706279754638672
28179071	-0.5677828788757324		0.013395309448242188
28179072	-0.5678040981292725		0.014052867889404297
28179073	-0.5686383247375488		0.012853622436523438
28179074	-0.5689010620117188		0.012793540954589844
28179075	-0.5714364051818848		0.008408546447753906
28179076	-0.569617509841919		0.013057231903076172
28179077	-0.5723044872283936		0.009128093719482422
28179078	-0.5725350379943848		0.007782936096191406
28179079	-0.5699822902679443		0.013427257537841797
28179080	-0.5707008838653564		0.013118267059326172
28179081	-0.5709495544433594		0.012704849243164062
28179082	-0.5718729496002197		0.012253284454345703
28179083	-0.5724258422851562		0.010877609252929688
28179084	-0.5742449760437012		0.010287284851074219
28179085	-0.5719401836395264		0.012949466705322266
28179086	-0.5739715099334717		0.009541034698486328
28179087	-0.5751121044158936		0.008533954620361328
28179088	-0.5738496780395508		0.010705947875976562
28179089	-0.5760715007781982		0.006276607513427734
28179090	-0.5746886730194092		0.010233402252197266
28179091	-0.5731489658355713		0.01431417465209961
28179092	-0.5739090442657471		0.01283407211303711
28179093	-0.5741996765136719		0.012796401977539062
28179094	-0.5744655132293701		0.012753009796142578
28179095	-0.5764482021331787		0.009354114532470703
28179096	-0.5749728679656982		0.012959003448486328
28179097	-0.5747790336608887		0.013856887817382812
28179098	-0.5761318206787109		0.011599540710449219
28179099	-0.5752534866333008		0.014054298400878906
28179100	-0.5781488418579102		0.008848190307617188
28179101	-0.5767395496368408		0.012089252471923828
28179102	-0.5761580467224121		0.013928413391113281
28179103	-0.5771369934082031		0.013089179992675781
28179104	-0.5814805030822754		0.0042514801025390625
28179105	-0.5780270099639893		0.014316082000732422
28179106	-0.5778021812438965		0.012831687927246094
28179107	-0.5794169902801514		0.011144161224365234
28179108	-0.5829532146453857		0.010910511016845703
28179109	-0.582726001739502		0.007260322570800781
28179110	-0.5797796249389648		0.01100921630859375
28179111	-0.5811953544616699		0.008748054504394531
28179112	-0.5802695751190186		0.014214038848876953
28179113	-0.5797555446624756		0.012717723846435547
28179114	-0.5811080932617188		0.010660171508789062
28179115	-0.6507043838500977		0.14842891693115234
28179116	-0.5799853801727295		0.014079570770263672
28179117	-0.6195287704467773		0.09089946746826172
28179118	-0.581721305847168		0.011644363403320312
28179119	-0.6241104602813721		0.0942387580871582
28179120	-0.5836372375488281		0.008912086486816406
28179121	-0.5821778774261475		0.013080120086669922
28179122	-0.5818541049957275		0.01364278793334961
28179123	-0.5825648307800293		0.012681007385253906
28179124	-0.5828747749328613		0.012701034545898438
28179125	-0.5832016468048096		0.013234615325927734
28179126	-0.5833933353424072		0.01283121109008789
28179127	-0.5860722064971924		0.010380268096923828
28179128	-0.5863277912139893		0.010701656341552734
28179129	-0.5848658084869385		0.011402606964111328
28179130	-0.5857532024383545		0.010277271270751953
28179131	-0.5845139026641846		0.013400554656982422
28179132	-0.585254430770874		0.012479305267333984
28179133	-0.586456298828125		0.010989189147949219
28179134	-0.5856454372406006		0.01283884048461914
28179135	-0.5877258777618408		0.009206295013427734
28179136	-0.5861611366271973		0.012761116027832031
28179137	-0.588036298751831		0.009487628936767578
28179138	-0.5890650749206543		0.0065631866455078125
28179139	-0.5864524841308594		0.013962745666503906
28179140	-0.5868756771087646		0.013646602630615234
28179141	-0.5879330635070801		0.012070655822753906
28179142	-0.5878236293792725		0.01273202896118164
28179143	-0.5875322818756104		0.013965129852294922
28179144	-0.5884535312652588		0.015194416046142578
28179145	-0.5886702537536621		0.012834548950195312
28179146	-0.5917987823486328		0.007843971252441406
28179147	-0.5910379886627197		0.009378910064697266
28179148	-0.5916943550109863		0.010911941528320312
28179149	-0.5893709659576416		0.01432657241821289
28179150	-0.5900688171386719		0.012749671936035156
28179151	-0.5902717113494873		0.012928485870361328
28179152	-0.5902345180511475		0.013625621795654297
28179153	-0.5905444622039795		0.01354074478149414
28179154	-0.5951900482177734		0.0047283172607421875
28179155	-0.5921423435211182		0.012061595916748047
28179156	-0.59163498878479		0.012885570526123047
28179157	-0.5936071872711182		0.009702205657958984
28179158	-0.5924081802368164		0.013087272644042969
28179159	-0.5920844078063965		0.014249801635742188
28179160	-0.5928616523742676		0.012875556945800781
28179161	-0.5931000709533691		0.012708663940429688
28179162	-0.5979597568511963		0.006071567535400391
28179163	-0.5952436923980713		0.009509563446044922
28179164	-0.5973782539367676		0.009260177612304688
28179165	-0.5924837589263916		0.016210079193115234
28179166	-0.5953216552734375		0.011775970458984375
28179167	-0.5956406593322754		0.010913848876953125
28179168	-0.5950131416320801		0.012652397155761719
28179169	-0.595923662185669		0.011641979217529297
28179170	-0.5960328578948975		0.011731624603271484
28179171	-0.5967543125152588		0.013614177703857422
28179172	-0.597567081451416		0.010023117065429688
28179173	-0.6001005172729492		0.004122734069824219
28179174	-0.5968496799468994		0.012822628021240234
28179175	-0.5976138114929199		0.014013290405273438
28179176	-0.6002311706542969		0.007328033447265625
28179177	-0.5980844497680664		0.011653900146484375
28179178	-0.5976386070251465		0.013003349304199219
28179179	-0.5985803604125977		0.014696121215820312
28179180	-0.5983943939208984		0.012774467468261719
28179181	-0.5983033180236816		0.01336669921875
28179182	-0.5989298820495605		0.012685775756835938
28179183	-0.6001152992248535		0.010807037353515625
28179184	-0.5996947288513184		0.013095855712890625
28179185	-0.6008312702178955		0.010425090789794922
28179186	-0.6022646427154541		0.008113384246826172
28179187	-0.6019198894500732		0.009407520294189453
28179188	-0.6013138294219971		0.011360645294189453
28179189	-0.6049494743347168		0.0050067901611328125
28179190	-0.6012532711029053		0.01292276382446289
28179191	-0.6013495922088623		0.012746334075927734
28179192	-0.6057264804840088		0.004874706268310547
28179193	-0.6019861698150635		0.01292276382446289
28179194	-0.6021971702575684		0.012820243835449219
28179195	-0.6044952869415283		0.009426593780517578
28179196	-0.6024816036224365		0.013379573822021484
28179197	-0.604762077331543		0.010327339172363281
28179198	-0.6059277057647705		0.007550716400146484
28179199	-0.6038072109222412		0.016067981719970703
28179200	-0.606142520904541		0.008148193359375
28179201	-0.6038601398468018		0.013178348541259766
28179202	-0.6053898334503174		0.010940074920654297
28179203	-0.6046936511993408		0.012737751007080078
28179204	-0.6062006950378418		0.010427474975585938
28179205	-0.6067855358123779		0.012431621551513672
28179206	-0.6055173873901367		0.012883186340332031
28179207	-0.6072652339935303		0.009951114654541016
28179208	-0.608330249786377		0.008228302001953125
28179209	-0.6088485717773438		0.00838470458984375
28179210	-0.6066210269927979		0.01278066635131836
28179211	-0.6068460941314697		0.012958049774169922
28179212	-0.6072380542755127		0.01275777816772461
28179213	-0.6071045398712158		0.01363229751586914
28179214	-0.6091041564941406		0.010179519653320312
28179215	-0.6088759899139404		0.011211872100830078
28179216	-0.6094188690185547		0.011172294616699219
28179217	-0.6079812049865723		0.014131546020507812
28179218	-0.6122167110443115		0.008701801300048828
28179219	-0.6099865436553955		0.01103353500366211
28179220	-0.6109957695007324		0.009480476379394531
28179221	-0.6096663475036621		0.012737274169921875
28179222	-0.6117146015167236		0.00931406021118164
28179223	-0.61379075050354		0.0038237571716308594
28179224	-0.6099214553833008		0.014004707336425781
28179225	-0.6115474700927734		0.010585784912109375
28179226	-0.6110854148864746		0.012717247009277344
28179227	-0.6125986576080322		0.010959148406982422
28179228	-0.6124594211578369		0.01038980484008789
28179229	-0.6117455959320068		0.013120174407958984
28179230	-0.6161882877349854		0.004800319671630859
28179231	-0.6164555549621582		0.0047817230224609375
28179232	-0.6160078048706055		0.0063381195068359375
28179233	-0.6129982471466064		0.01272439956665039
28179234	-0.6132676601409912		0.012753009796142578
28179235	-0.6132943630218506		0.01338338851928711
28179236	-0.6138038635253906		0.0130157470703125
28179237	-0.6138582229614258		0.013235092163085938
28179238	-0.6171045303344727		0.0127716064453125
28179239	-0.6165964603424072		0.008844852447509766
28179240	-0.6148362159729004		0.013005256652832031
28179241	-0.6145632266998291		0.014023303985595703
28179242	-0.6167960166931152		0.012679100036621094
28179243	-0.615131139755249		0.01393270492553711
28179244	-0.6169874668121338		0.01075887680053711
28179245	-0.6162943840026855		0.012622833251953125
28179246	-0.616567850112915		0.013138294219970703
28179247	-0.6188840866088867		0.010999679565429688
28179248	-0.6188042163848877		0.00933980941772461
28179249	-0.6183435916900635		0.010901927947998047
28179250	-0.6214940547943115		0.007513523101806641
28179251	-0.6179747581481934		0.015140533447265625
28179252	-0.6182827949523926		0.012767791748046875
28179253	-0.6177473068237305		0.013597488403320312
28179254	-0.6196756362915039		0.010861396789550781
28179255	-0.6213729381561279		0.015834331512451172
28179256	-0.6192991733551025		0.01267099380493164
28179257	-0.6213247776031494		0.009171009063720703
28179258	-0.6210441589355469		0.010300636291503906
28179259	-0.6218993663787842		0.009134769439697266
28179260	-0.6204121112823486		0.012822628021240234
28179261	-0.6207354068756104		0.012817859649658203
28179262	-0.6209733486175537		0.012674808502197266
28179263	-0.6224503517150879		0.010245323181152344
28179264	-0.6216280460357666		0.012438297271728516
28179265	-0.6236600875854492		0.009039878845214844
28179266	-0.6244716644287109		0.008222579956054688
28179267	-0.6246271133422852		0.008122444152832031
28179268	-0.6253330707550049		0.007210254669189453
28179269	-0.6263535022735596		0.007114887237548828
28179270	-0.6231610774993896		0.012876033782958984
28179271	-0.6234705448150635		0.013353824615478516
28179272	-0.6227974891662598		0.01694965362548828
28179273	-0.6252899169921875		0.01016998291015625
28179274	-0.6242079734802246		0.012784957885742188
28179275	-0.6254703998565674		0.010889530181884766
28179276	-0.6242110729217529		0.014023303985595703
28179277	-0.6273074150085449		0.012713432312011719
28179278	-0.6254041194915771		0.012680530548095703
28179279	-0.6256451606750488		0.012673377990722656
28179280	-0.6259558200836182		0.012775897979736328
28179281	-0.6264393329620361		0.014888286590576172
28179282	-0.6278729438781738		0.01244354248046875
28179283	-0.6267430782318115		0.012651920318603516
28179284	-0.6270725727081299		0.015140056610107422
28179285	-0.6278367042541504		0.011753082275390625
28179286	-0.6279416084289551		0.012854576110839844
28179287	-0.6279821395874023		0.012988090515136719
28179288	-0.6290585994720459		0.010974407196044922
28179289	-0.6293544769287109		0.010858535766601562
28179290	-0.6283059120178223		0.013476371765136719
28179291	-0.6283276081085205		0.013885974884033203
28179292	-0.6288294792175293		0.013844490051269531
28179293	-0.6342463493347168		0.010079383850097656
28179294	-0.630256175994873		0.014340400695800781
28179295	-0.6297731399536133		0.0158233642578125
28179296	-0.6303074359893799		0.01278829574584961
28179297	-0.6320486068725586		0.012295722961425781
28179298	-0.6311745643615723		0.012122154235839844
28179299	-0.6357419490814209		0.006172657012939453
28179300	-0.6329860687255859		0.009640693664550781
28179301	-0.6330263614654541		0.01272726058959961
28179302	-0.6342735290527344		0.010605812072753906
28179303	-0.6331436634063721		0.016964435577392578
28179304	-0.6341078281402588		0.012059688568115234
28179305	-0.6324493885040283		0.013422489166259766
28179306	-0.6370522975921631		0.004830837249755859
28179307	-0.634861946105957		0.009702682495117188
28179308	-0.6334414482116699		0.012926101684570312
28179309	-0.6387248039245605		0.0055084228515625
28179310	-0.6350197792053223		0.010929107666015625
28179311	-0.6383273601531982		0.004814624786376953
28179312	-0.6384336948394775		0.01855325698852539
28179313	-0.6361410617828369		0.015047550201416016
28179314	-0.6354289054870605		0.012240409851074219
28179315	-0.6371200084686279		0.009397029876708984
28179316	-0.6357970237731934		0.015162467956542969
28179317	-0.6360311508178711		0.012920379638671875
28179318	-0.6411664485931396		0.005441188812255859
28179319	-0.6405925750732422		0.0046443939208984375
28179320	-0.6396260261535645		0.007184028625488281
